1.520000000000000000e+02
2.290000000000000000e+02
4.300000000000000000e+01
1.200000000000000000e+02
1.000000000000000000e+01
9.700000000000000000e+01
9.200000000000000000e+01
7.700000000000000000e+01
2.120000000000000000e+02
8.400000000000000000e+01
1.620000000000000000e+02
8.500000000000000000e+01
3.160000000000000000e+02
2.940000000000000000e+02
2.460000000000000000e+02
3.800000000000000000e+01
3.000000000000000000e+02
1.500000000000000000e+01
4.800000000000000000e+01
1.690000000000000000e+02
2.400000000000000000e+01
2.300000000000000000e+01
4.140000000000000000e+02
3.150000000000000000e+02
1.440000000000000000e+02
5.000000000000000000e+00
1.920000000000000000e+02
2.600000000000000000e+01
4.600000000000000000e+01
8.300000000000000000e+01
1.430000000000000000e+02
3.800000000000000000e+01
2.800000000000000000e+01
1.460000000000000000e+02
7.700000000000000000e+01
6.900000000000000000e+01
6.100000000000000000e+01
1.220000000000000000e+02
6.300000000000000000e+01
4.410000000000000000e+02
