3.693000000000000114e+02
5.470000000000000000e+02
1.165000000000000000e+02
1.144000000000000057e+02
1.865000000000000000e+02
4.620000000000000284e+01
2.130000000000000071e+01
1.815999999999999943e+02
4.078999999999999773e+02
2.660000000000000142e+01
7.520000000000000284e+01
3.373000000000000114e+02
1.124000000000000057e+02
5.220000000000000284e+01
2.475999999999999943e+02
5.189999999999999858e+01
2.180000000000000071e+01
5.655000000000000000e+02
9.529999999999999716e+01
4.103000000000000114e+02
4.239999999999999858e+01
7.450000000000000000e+01
1.209999999999999964e+01
2.430000000000000000e+02
1.710999999999999943e+02
5.489999999999999858e+01
1.610000000000000000e+02
4.031000000000000227e+02
6.609999999999999432e+01
3.036000000000000227e+02
1.846999999999999886e+02
2.091999999999999886e+02
4.550000000000000000e+01
2.411999999999999886e+02
8.220000000000000284e+01
5.266000000000000227e+02
7.759999999999999432e+01
1.290999999999999943e+02
5.479999999999999716e+01
7.840000000000000000e+02
