chr	start	end	cell_1	cell_2	cell_3	cell_4	cell_5	cell_6	cell_7	cell_8	cell_9	cell_10	cell_11	cell_12	cell_13	cell_14	cell_15	cell_16	cell_17	cell_18	cell_19	cell_20	cell_21	cell_22	cell_23	cell_24	cell_25	cell_26	cell_27	cell_28	cell_29	cell_30	cell_31	cell_32	cell_33	cell_34	cell_35	cell_36	cell_37	cell_38	cell_39	cell_40	cell_41	cell_42	cell_43	cell_44	cell_45	cell_46	cell_47	cell_48	cell_49	cell_50	cell_51	cell_52	cell_53	cell_54	cell_55	cell_56	cell_57	cell_58	cell_59	cell_60	cell_61	cell_62	cell_63	cell_64	cell_65	cell_66	cell_67	cell_68	cell_69	cell_70	cell_71	cell_72	cell_73	cell_74	cell_75	cell_76	cell_77	cell_78	cell_79	cell_80	cell_81	cell_82	cell_83	cell_84	cell_85	cell_86	cell_87	cell_88	cell_89	cell_90	cell_91	cell_92	cell_93	cell_94	cell_95	cell_96	cell_97	cell_98	cell_99	cell_100
1	100167143	100220943	2	2	2	2	2	2	2	2	4	2	2	2	3	2	2	2	2	2	3	2	2	2	4	2	2	2	2	2	2	2	2	2	2	2	2	2	2	2	2	2	2	2	3	2	2	2	2	2	2	2	2	2	2	2	2	2	2	2	2	2	2	2	4	2	2	3	2	2	2	2	2	1	2	2	2	2	2	2	2	2	2	2	2	2	2	2	2	2	2	2	2	2	2	2	2	3	2	2	2	2
1	100504443	100559237	2	2	2	2	2	2	2	2	4	2	2	2	3	2	2	2	2	2	3	2	2	2	4	2	2	2	2	2	2	2	2	2	2	2	2	2	2	2	2	2	2	2	3	2	2	2	2	2	2	2	2	2	2	2	2	2	2	2	2	2	2	2	4	2	2	3	2	2	2	2	2	1	2	2	2	2	2	2	2	2	2	2	2	2	2	2	2	2	2	2	2	2	2	2	2	3	2	2	2	2
1	101395562	101451560	2	2	2	2	2	2	2	2	2	2	2	2	1	2	2	2	2	2	2	2	2	2	2	2	2	2	2	2	2	2	2	2	2	2	2	2	2	2	2	2	2	2	3	2	2	2	2	2	2	2	2	2	2	2	2	2	2	2	2	2	2	2	4	2	2	3	2	2	2	2	2	1	2	2	2	2	2	2	2	2	2	2	2	2	2	2	2	2	2	2	2	2	2	2	2	3	2	2	2	2
1	103459049	103512668	2	2	2	2	2	2	2	2	3	2	1	2	2	2	1	2	2	2	2	2	2	2	2	2	2	2	2	2	2	2	2	2	2	2	2	2	3	2	1	2	2	2	3	2	2	2	1	2	2	2	2	2	3	2	2	2	2	2	2	2	2	2	4	2	2	3	2	2	2	2	2	1	2	2	2	2	2	2	2	2	2	2	2	2	2	2	2	2	2	2	2	2	2	2	3	2	2	2	2	2
1	104642550	104697000	2	2	2	2	2	2	2	2	3	2	1	2	2	2	1	2	2	2	2	2	2	2	2	2	2	2	2	2	2	2	2	2	2	2	2	2	2	2	1	2	2	2	3	2	2	2	1	2	2	2	2	2	3	2	2	2	2	2	2	2	2	2	4	2	2	3	2	2	2	2	2	1	2	2	2	2	2	2	2	2	2	2	2	2	2	2	2	2	2	2	2	2	2	2	2	2	2	2	2	2
1	110982160	111034642	2	2	2	2	2	2	2	2	4	2	2	2	2	2	2	2	2	2	2	2	2	2	2	2	2	2	2	2	2	2	2	2	2	2	2	2	2	2	2	2	2	2	3	2	2	2	2	2	2	2	2	2	2	2	2	2	2	2	2	2	2	2	2	2	2	3	2	2	2	2	2	1	2	2	2	2	2	2	2	2	2	2	2	2	2	2	2	2	2	2	2	2	2	2	2	2	2	2	2	2
1	111967497	112019433	2	2	2	2	2	2	2	2	4	2	2	2	2	2	2	2	2	2	2	2	2	2	2	2	2	2	2	2	2	2	2	2	2	2	2	2	2	2	2	2	2	2	3	2	2	2	2	2	2	2	2	2	2	2	2	2	2	2	2	2	2	2	2	2	2	3	2	2	2	2	2	1	2	2	2	2	2	3	2	2	2	2	2	2	2	2	2	2	2	2	2	2	2	2	2	2	2	2	2	2
1	112343767	112394539	2	2	2	2	2	2	2	2	4	2	2	1	2	2	2	2	2	2	2	2	2	2	2	2	2	2	2	2	2	2	2	2	2	2	2	2	2	2	2	2	2	2	3	2	2	2	2	2	2	2	2	2	2	2	2	2	2	2	2	2	2	2	2	2	2	3	2	2	2	2	2	1	2	2	2	2	2	2	2	2	2	2	2	2	2	2	2	2	2	2	2	2	2	2	2	2	2	2	2	2
1	114676050	114731544	2	2	2	2	2	2	2	2	3	2	2	2	2	2	2	2	2	2	3	2	2	2	2	2	2	2	2	2	2	2	2	2	2	2	2	2	2	2	2	2	2	2	3	2	2	2	2	2	2	2	2	2	2	2	2	2	2	2	2	2	2	2	2	2	2	3	2	2	2	2	2	1	2	2	2	2	2	2	2	2	2	2	2	2	2	2	2	2	2	2	2	2	2	2	2	2	2	2	2	2
1	117660409	117714832	2	2	2	2	2	2	2	2	3	2	2	2	2	2	2	2	2	2	2	2	2	2	2	2	2	2	2	2	2	2	2	2	2	2	2	2	2	2	2	2	2	2	3	2	2	2	2	2	2	2	2	2	2	2	2	2	2	2	2	2	2	2	2	2	2	3	2	2	2	2	2	1	2	2	2	2	2	2	2	2	2	2	2	2	2	2	2	2	2	2	2	2	2	2	2	2	2	2	2	2
1	13942335	14004078	2	2	2	1	2	2	2	2	2	2	2	1	1	5	2	2	1	4	3	1	2	2	2	4	2	2	2	2	2	2	2	3	2	2	2	2	2	1	2	2	2	2	3	2	2	2	2	2	2	4	2	2	2	2	2	5	1	2	2	2	2	2	2	2	2	2	2	2	2	2	2	1	2	2	2	2	2	2	2	5	2	1	1	1	1	2	2	5	2	2	2	2	2	2	2	1	3	2	2	5
1	146602576	146655803	7	7	7	6	7	7	7	7	6	7	7	7	7	7	7	7	7	7	7	7	7	7	7	7	7	7	7	7	7	7	7	7	7	7	7	7	7	7	6	7	7	7	7	7	7	7	7	7	7	7	7	7	6	7	7	7	7	7	7	7	7	7	7	7	7	6	7	7	7	7	7	5	7	7	7	7	7	7	7	7	7	7	7	7	7	7	7	7	7	7	7	7	7	7	7	7	7	7	7	7
1	147353664	147636955	7	7	7	7	7	7	7	7	6	7	7	7	7	7	7	7	7	7	7	7	7	7	7	7	7	7	7	7	7	7	7	7	7	7	7	7	7	7	7	7	7	7	7	7	7	7	7	7	7	7	7	7	7	7	7	7	7	7	7	7	7	7	7	7	7	7	7	7	7	7	7	7	7	7	7	7	7	7	7	7	7	7	7	7	7	7	7	7	7	7	7	7	7	7	7	7	7	7	7	7
1	151689943	151745894	7	7	7	7	6	7	7	6	6	7	7	7	7	7	7	7	7	7	7	7	7	7	7	7	7	7	7	7	7	7	7	7	7	7	7	7	7	7	5	7	7	7	6	7	7	7	7	7	7	7	7	7	6	7	7	7	7	7	7	7	7	7	7	7	7	6	7	7	7	7	7	5	7	7	7	7	7	7	6	7	7	7	7	7	7	7	7	7	7	7	6	7	7	7	7	7	7	7	7	7
1	152252754	152318451	7	7	7	7	6	7	7	6	6	7	7	7	7	7	7	7	7	7	7	7	7	7	7	7	7	7	7	7	7	7	7	7	7	7	7	7	7	7	5	7	7	7	6	7	7	7	7	7	7	7	7	7	6	7	7	7	7	7	7	7	7	7	7	7	7	6	7	7	7	7	7	5	7	7	7	7	7	7	6	7	7	7	7	7	7	7	7	7	7	7	6	7	7	7	7	7	7	7	7	7
1	152600837	152654872	7	7	7	7	6	7	7	6	6	7	7	7	7	7	7	7	7	7	5	4	7	7	5	7	7	7	7	7	7	7	7	7	7	7	7	7	7	5	5	7	7	7	6	7	7	7	7	7	7	7	7	7	6	7	7	7	6	7	7	7	7	7	7	7	6	6	7	7	7	7	7	5	7	7	7	7	6	7	6	7	5	7	7	7	4	7	7	7	7	7	6	7	7	7	7	5	7	7	7	7
1	152823417	152875844	7	7	7	7	6	7	7	6	6	7	7	7	7	7	7	7	7	7	5	4	7	7	5	7	7	7	7	7	7	7	7	7	7	7	7	7	7	5	5	7	7	7	6	7	7	7	7	7	7	7	7	7	6	7	7	7	6	7	7	7	7	7	7	7	6	6	7	7	7	7	7	5	7	7	7	7	6	7	6	7	5	7	7	7	4	7	7	7	7	7	6	7	7	7	7	7	7	7	7	7
1	158094812	158149818	7	7	7	7	6	7	7	6	6	7	7	7	7	7	7	7	7	7	6	6	7	7	7	7	7	7	7	7	7	7	7	6	7	7	7	7	7	4	5	7	7	7	6	7	7	7	7	7	7	7	7	7	6	7	7	7	6	7	7	7	7	7	7	7	6	6	7	5	7	7	7	5	7	7	7	7	7	7	6	7	5	7	7	7	6	7	7	7	7	7	6	7	7	7	7	7	5	7	7	7
1	159956586	160008575	3	3	3	3	2	3	3	2	2	3	3	3	4	3	3	3	3	3	3	3	3	3	3	3	3	3	3	3	3	3	3	3	3	3	3	3	3	3	3	3	3	3	2	3	3	3	3	3	3	3	3	3	2	3	3	3	3	3	3	3	3	3	3	3	3	2	3	3	3	3	3	0	3	3	3	3	3	3	2	3	3	3	4	3	3	3	3	3	3	3	2	3	3	3	3	3	3	3	3	3
1	16695950	16755897	6	6	2	5	2	3	6	2	3	2	2	3	2	2	2	2	2	4	2	2	7	2	3	2	2	2	2	2	7	7	2	7	2	2	6	2	2	6	2	6	2	2	3	3	6	7	2	2	2	6	2	2	2	2	2	6	3	2	2	2	2	2	4	2	3	2	2	7	2	2	2	4	2	2	4	6	7	3	6	2	2	2	2	7	2	2	2	2	2	2	2	4	3	6	2	2	3	2	2	2
1	169883246	169934561	3	3	3	3	2	3	3	2	3	3	3	3	4	3	3	3	3	3	3	3	3	3	3	3	3	3	3	3	3	3	3	5	3	3	3	3	3	4	3	3	3	3	2	3	3	3	3	3	3	3	3	3	2	3	3	3	4	3	3	3	3	3	3	3	3	2	3	3	3	3	3	0	3	3	3	3	4	3	2	3	5	4	4	3	3	3	3	3	3	3	2	3	3	3	3	3	3	3	3	3
1	170830849	170883486	2	3	3	3	2	3	3	2	2	3	3	3	2	3	3	3	3	3	3	3	3	3	3	3	3	3	3	3	3	3	3	3	3	3	3	3	3	2	3	3	3	3	2	3	3	3	2	3	3	3	3	3	2	3	3	3	3	3	3	3	3	3	3	3	3	2	3	2	3	3	3	0	3	3	3	3	2	3	2	3	3	4	3	3	2	3	3	3	3	3	2	3	3	3	3	4	3	3	3	3
1	170938093	170993977	2	3	3	3	2	3	3	2	2	3	3	3	2	3	3	3	3	3	3	3	3	3	3	3	3	3	3	3	3	3	3	3	3	3	3	3	3	2	3	3	3	3	2	3	3	3	4	3	3	3	3	3	2	3	3	3	3	3	3	3	3	3	3	3	3	2	3	4	3	3	3	0	3	3	3	3	2	3	2	3	3	4	3	3	2	3	3	3	3	3	2	3	3	3	3	4	3	3	3	3
1	171158018	171214379	4	3	3	3	2	3	3	2	2	3	3	3	2	3	3	3	3	3	3	3	3	3	3	3	3	3	3	3	3	3	3	3	3	3	3	3	3	2	3	3	3	3	2	3	3	3	4	3	3	3	3	3	2	3	3	3	3	3	3	3	3	3	3	3	3	2	3	4	3	3	3	0	3	3	3	3	2	3	2	3	3	4	3	3	2	3	3	3	3	3	2	3	3	3	3	4	3	3	3	3
1	171505634	171563151	4	3	3	3	2	3	3	2	3	3	3	3	4	3	3	3	3	3	3	3	3	3	3	3	3	3	3	3	3	3	3	3	3	3	3	3	3	4	3	3	3	3	2	3	3	3	4	3	3	3	3	3	2	3	3	3	3	3	3	3	3	3	3	3	3	2	3	4	3	3	3	0	3	3	3	3	2	3	2	3	3	4	3	3	2	3	3	3	3	3	2	3	3	3	3	4	3	3	3	3
1	173758209	173821174	4	3	3	3	2	3	3	2	3	3	3	3	4	3	3	3	3	3	3	3	3	3	3	3	3	3	3	3	3	3	3	3	3	3	3	3	3	4	3	3	3	3	2	3	3	3	4	3	3	3	3	3	2	3	3	3	5	3	3	3	3	3	3	3	3	2	3	4	3	3	3	0	3	3	3	3	3	3	2	3	3	4	4	3	4	3	3	3	3	3	2	3	3	3	3	4	3	3	3	3
1	175791461	175843057	2	3	3	3	2	3	3	2	1	3	3	3	2	3	3	3	3	3	2	3	3	3	2	3	3	3	3	3	3	3	3	3	3	3	3	3	3	2	3	3	3	3	2	3	3	3	3	3	3	3	3	3	2	3	3	3	2	3	3	3	3	3	2	3	3	2	3	2	3	3	3	0	3	3	3	3	3	3	2	3	2	2	2	2	2	3	3	3	3	3	2	3	3	3	3	2	3	3	3	3
1	175843057	175895117	2	3	3	3	2	3	3	2	1	3	3	3	2	3	3	3	3	3	2	3	3	3	2	3	3	3	3	3	3	3	3	3	3	3	3	3	3	2	3	3	3	3	2	3	3	3	3	3	3	3	3	3	2	3	3	3	2	3	3	3	3	3	2	3	3	2	3	2	3	3	3	0	3	3	3	3	3	3	2	3	2	2	2	2	2	3	3	3	3	3	2	3	3	3	3	2	3	3	3	3
1	176519570	176571539	2	3	3	3	2	3	3	2	1	3	3	3	2	3	3	3	3	3	2	3	3	3	2	3	3	3	3	3	3	3	3	3	3	3	3	3	3	2	2	3	3	3	2	3	3	3	3	3	3	3	3	3	2	3	3	3	2	3	3	3	3	3	2	3	3	2	3	2	3	3	3	0	3	3	3	3	3	3	2	3	2	2	2	2	2	3	3	3	3	3	2	3	3	3	3	2	3	3	3	3
1	177517382	177571297	4	3	3	3	2	3	3	2	3	3	3	3	2	3	3	3	3	3	2	3	3	3	2	3	3	3	3	3	3	3	3	3	3	3	3	3	3	2	3	3	3	3	2	3	3	3	3	3	3	3	3	3	2	3	3	3	2	3	3	3	3	3	3	3	3	2	3	3	3	3	3	0	3	3	3	3	3	3	2	3	3	3	2	2	2	3	3	3	3	3	2	3	3	3	3	2	3	3	3	3
1	18051045	18103598	2	2	2	2	2	2	2	2	3	2	2	2	2	2	2	2	2	4	2	1	2	2	2	2	2	2	2	2	2	2	2	2	2	2	2	3	2	2	2	2	2	2	3	2	2	2	2	2	2	2	2	2	2	2	2	2	2	2	2	2	2	2	4	2	1	2	2	2	2	2	2	1	2	2	2	2	2	2	2	2	2	2	2	2	2	2	2	2	2	2	2	2	2	2	2	2	2	2	2	2
1	183247677	183301720	3	3	3	3	2	3	3	2	3	3	3	3	3	3	3	3	3	3	4	3	3	3	3	3	3	3	3	3	3	3	3	3	3	3	3	3	3	3	3	3	3	3	2	3	3	3	3	3	3	3	3	3	2	3	3	3	3	3	3	3	3	3	3	3	3	2	3	3	3	3	3	0	3	3	3	3	3	3	2	3	3	3	4	3	4	3	3	3	3	3	2	3	3	3	3	4	3	3	3	3
1	189414747	189473547	5	3	3	3	2	3	3	3	3	3	6	3	3	3	6	3	3	3	3	3	3	3	3	3	4	3	3	3	3	3	3	3	3	3	3	3	3	3	4	3	3	3	4	3	3	3	3	3	3	3	3	3	2	3	3	3	3	3	3	3	3	3	5	5	3	3	3	5	3	3	3	0	3	3	3	3	3	3	2	3	5	4	3	3	3	3	3	3	3	4	3	3	3	3	3	5	3	3	3	3
1	194348881	194405518	3	3	3	3	2	3	3	2	4	3	3	3	3	3	3	3	3	3	3	3	3	3	3	3	3	3	3	3	3	3	3	3	3	3	3	3	3	3	2	3	3	3	5	3	3	3	3	3	3	3	3	3	2	3	3	3	3	3	3	3	3	3	3	3	3	3	3	3	3	3	3	0	3	3	3	3	3	3	2	3	3	4	3	3	3	3	3	3	3	3	3	3	3	3	3	3	3	3	3	3
1	195470699	195524281	3	3	3	3	2	3	3	2	4	3	3	3	3	3	3	3	3	3	3	3	3	3	3	3	3	3	3	3	3	3	3	3	3	3	3	3	3	3	2	3	3	3	5	3	3	3	3	3	3	3	3	3	2	3	3	3	3	3	3	3	3	3	3	3	3	3	3	3	3	3	3	0	3	3	3	3	3	3	2	3	3	4	3	3	3	3	3	3	3	3	3	3	3	3	3	3	3	3	3	3
1	197166318	197221920	5	3	3	3	2	3	3	2	4	3	3	3	3	3	3	3	3	3	3	3	3	3	5	3	3	3	3	3	3	3	3	3	3	3	3	3	3	3	3	3	3	3	5	3	3	3	3	3	3	3	3	3	2	3	3	3	4	3	3	3	3	3	3	3	3	3	3	3	3	3	3	0	3	3	3	3	3	3	2	3	3	4	3	3	4	3	3	3	3	3	3	3	3	3	3	4	3	3	3	3
1	197761398	197823581	5	3	3	3	2	3	3	2	4	3	3	3	3	3	3	3	3	3	3	3	3	3	3	3	3	3	3	3	3	3	3	3	3	3	3	3	3	3	5	3	3	3	3	3	3	3	3	3	3	3	3	3	2	3	3	3	3	3	3	3	3	3	3	3	3	3	3	3	3	3	3	0	3	3	3	3	3	3	2	3	3	4	3	3	4	3	3	3	3	3	3	3	3	3	3	4	3	3	3	3
1	206739774	206793241	3	3	3	3	2	3	3	2	4	3	3	3	3	3	3	3	3	3	4	3	3	3	3	3	3	3	3	3	3	3	3	6	3	3	3	3	3	3	3	3	3	3	3	5	3	3	3	3	3	3	3	3	2	3	3	3	4	3	3	3	3	3	3	3	3	3	3	3	3	3	3	0	3	3	3	3	3	3	2	3	3	3	3	3	4	3	3	3	3	3	3	3	3	3	3	4	3	3	3	3
1	210447169	210501399	3	3	3	2	2	3	3	2	3	3	3	3	2	3	3	3	3	3	2	3	3	3	3	3	3	3	3	3	3	3	3	3	3	3	3	3	3	2	3	3	3	3	3	3	3	3	3	3	3	3	3	3	2	3	3	3	2	3	3	3	3	3	3	3	3	3	4	2	3	3	3	0	3	3	3	3	3	3	2	3	1	3	2	2	2	3	3	3	3	3	3	3	3	3	3	3	3	3	3	3
1	211517119	211570918	3	3	3	2	2	3	3	2	4	3	3	3	3	3	3	3	3	3	4	3	3	3	4	3	3	3	3	3	3	3	3	5	3	3	3	3	3	4	3	3	3	3	3	4	3	3	3	3	3	3	3	3	2	3	3	3	4	3	3	3	3	3	3	3	4	3	4	4	3	3	3	0	3	3	3	3	5	4	2	3	3	3	4	4	4	3	3	3	3	3	3	3	3	3	3	3	3	3	3	3
1	212253662	212311261	3	3	3	2	2	3	3	2	4	3	3	3	3	3	3	3	3	3	4	3	3	3	4	3	3	3	3	3	3	3	3	3	3	3	3	4	3	4	3	3	3	3	3	4	3	3	3	3	3	3	3	3	2	3	3	3	4	3	3	3	3	3	3	3	4	3	4	4	3	3	3	0	3	3	3	3	3	4	2	3	3	3	4	4	4	3	3	3	3	3	3	3	3	3	3	3	3	3	3	3
1	212600773	212656212	3	3	3	2	2	3	3	2	4	3	3	3	3	3	3	3	3	3	4	3	3	3	4	3	3	3	3	3	3	3	3	3	3	3	3	4	3	4	3	3	3	3	3	4	3	3	3	3	3	3	3	3	2	3	3	3	4	3	3	3	3	3	3	3	4	3	4	4	3	3	3	0	3	3	3	3	3	4	2	3	3	3	4	4	4	3	3	3	3	3	3	3	3	3	3	3	3	3	3	3
1	213506021	213560816	3	3	3	2	2	3	3	2	3	3	3	3	3	3	3	3	3	3	2	1	3	3	3	3	3	3	3	3	3	3	3	3	3	3	3	3	3	2	3	3	3	3	3	3	3	3	3	3	3	3	3	3	2	3	3	3	3	3	3	3	3	3	3	3	3	3	4	4	3	3	3	0	3	3	3	3	3	3	2	3	3	3	3	4	4	3	3	3	3	3	3	3	3	3	3	3	3	3	3	3
1	215007061	215061917	3	3	3	3	2	3	3	2	4	3	3	3	3	3	3	3	3	3	2	3	3	3	3	3	3	3	3	3	3	3	3	3	3	3	3	3	3	2	3	3	3	3	3	3	3	3	3	3	3	3	3	3	2	3	3	3	3	3	3	3	3	3	3	3	3	3	4	4	3	3	3	0	3	3	3	3	3	3	2	3	3	3	3	3	2	3	3	3	3	3	3	3	3	3	3	4	3	3	3	3
1	217821719	217882878	3	3	3	3	2	3	3	2	2	3	3	3	3	3	3	3	3	3	3	3	3	3	3	3	3	3	3	3	3	3	3	3	3	3	3	3	3	2	3	3	3	3	3	3	3	3	3	3	3	3	3	3	2	3	3	3	3	3	3	3	3	3	3	3	3	3	4	3	3	3	3	0	3	3	3	3	3	3	2	3	4	3	4	3	2	3	3	3	3	3	3	3	3	3	3	2	3	3	3	3
1	21805178	21868789	2	2	2	2	2	3	2	2	3	2	2	3	2	2	2	2	3	4	3	2	2	2	2	2	2	2	2	2	2	2	2	3	2	2	2	2	2	2	2	2	2	2	3	3	2	2	2	2	2	2	2	2	2	2	2	2	2	2	2	2	2	2	4	2	2	2	2	2	2	2	2	1	2	2	2	2	3	2	2	2	2	2	2	2	2	2	2	2	2	2	2	2	2	2	2	2	3	2	2	2
1	220279666	220337132	3	3	3	3	2	3	3	2	4	3	3	3	3	3	3	3	3	3	3	3	3	3	3	3	3	3	3	3	3	3	3	3	3	3	3	3	3	4	3	3	3	3	3	3	3	3	3	3	3	3	3	3	2	3	3	3	3	3	3	3	3	3	3	3	4	3	4	3	3	3	3	0	3	3	3	3	3	3	2	3	3	3	4	3	4	3	3	3	3	3	3	3	3	3	3	4	3	3	3	3
1	224859271	224911027	3	3	3	3	2	3	3	2	4	3	3	3	3	3	3	3	4	3	4	3	3	3	3	3	3	3	3	3	4	3	3	3	3	3	3	3	3	4	3	3	3	3	3	3	3	3	3	3	3	3	3	3	2	3	3	3	3	3	3	3	3	3	3	3	2	3	4	3	3	3	3	0	3	3	3	3	5	3	2	3	3	3	4	3	4	3	3	3	3	3	3	5	3	3	3	4	3	3	3	3
1	224963257	225017632	3	3	3	3	2	3	3	2	4	3	3	3	3	3	3	3	4	3	4	3	3	3	3	3	3	3	3	3	4	3	3	3	3	3	3	3	3	4	3	3	3	3	3	3	3	3	3	3	3	3	3	3	2	3	3	3	3	3	3	3	3	3	3	3	2	3	4	3	3	3	3	0	3	3	3	3	3	3	2	3	3	3	4	3	4	3	3	3	3	3	3	3	3	3	3	4	3	3	3	3
1	23658163	23717496	2	2	2	2	2	3	2	2	3	2	2	3	2	2	2	2	3	4	3	2	2	2	2	2	2	2	2	2	2	2	2	3	2	2	2	2	2	2	2	2	2	2	3	3	2	2	2	2	2	2	2	2	2	2	2	2	2	2	2	2	2	2	4	2	3	2	2	2	2	2	2	1	2	2	3	2	3	3	2	2	2	2	2	2	2	2	2	2	2	2	2	3	3	2	2	2	3	2	2	2
1	236849022	236904676	3	3	3	3	2	3	3	2	2	3	3	3	3	3	3	3	3	3	3	3	3	3	3	3	3	3	3	3	4	3	3	3	3	3	3	3	3	2	3	3	3	3	3	3	3	3	3	3	3	3	3	3	2	3	3	3	2	3	3	3	3	3	3	3	3	3	4	3	3	3	3	0	3	3	3	3	3	3	2	3	3	3	2	4	4	3	3	3	3	3	3	3	3	3	3	3	3	3	3	3
1	238648660	238701265	2	3	3	3	2	3	3	2	2	3	3	3	3	3	3	3	3	3	3	3	3	3	3	3	3	3	3	3	4	3	3	3	3	3	3	3	3	2	3	3	3	3	3	3	3	3	3	3	3	3	3	3	2	3	3	3	2	3	3	3	3	3	3	3	3	3	4	3	3	3	3	0	3	3	3	3	3	3	2	3	2	1	2	2	3	3	3	3	3	3	3	3	3	3	3	2	3	3	3	3
1	243486077	243539334	3	3	6	5	2	3	3	2	2	3	3	3	3	3	3	3	3	3	3	3	3	3	5	3	3	3	3	3	4	3	3	3	3	3	3	3	3	3	3	3	3	3	3	3	3	3	3	3	3	3	3	3	2	3	3	3	3	3	3	3	3	3	3	3	2	3	4	3	3	3	3	0	3	3	3	3	6	3	2	3	3	3	2	2	2	3	3	3	3	3	3	3	3	2	3	3	3	3	3	3
1	245754511	245812660	3	3	3	3	2	3	3	2	3	3	3	3	2	3	3	3	3	3	2	2	3	3	2	3	3	3	3	3	4	3	3	3	3	3	3	3	3	3	3	3	3	3	3	3	3	3	3	3	3	3	3	3	2	3	3	3	3	3	3	3	3	3	3	3	3	3	4	3	3	3	3	0	3	3	3	3	3	3	2	3	3	3	2	2	2	3	3	3	3	3	3	3	3	3	3	3	3	3	3	3
1	246993631	247052978	3	3	3	3	2	3	3	2	4	3	3	3	4	3	3	3	3	3	5	4	3	3	4	3	3	3	3	3	4	3	3	3	3	3	3	3	3	3	3	3	3	3	3	3	3	3	3	3	3	3	3	3	2	3	3	3	4	3	3	3	3	3	3	3	3	3	4	3	3	3	3	0	3	3	3	3	3	3	2	3	3	3	4	4	4	3	3	3	3	3	3	3	3	3	3	3	3	3	3	3
1	247587884	247643315	2	3	3	3	2	3	3	2	3	3	3	3	2	3	3	3	3	3	3	4	3	3	3	3	3	3	3	3	4	3	3	3	3	3	3	3	3	3	3	3	3	3	3	3	3	3	2	3	3	3	3	3	2	3	3	3	3	3	3	3	3	3	2	3	3	3	4	2	3	3	3	0	3	3	3	3	3	3	2	3	3	3	2	2	2	3	3	3	3	3	3	3	3	3	3	2	3	3	3	3
1	247876306	247931604	2	3	3	3	2	3	3	2	3	3	3	3	2	3	2	3	3	3	3	4	3	3	3	3	3	4	3	3	4	3	3	3	3	3	3	3	3	3	3	3	3	3	3	3	3	3	2	3	3	3	3	3	2	3	3	3	3	3	3	3	3	3	2	3	3	3	4	2	3	3	3	0	3	3	3	3	3	3	2	3	3	3	2	2	2	3	3	3	3	3	3	3	3	3	3	2	3	3	3	3
1	29710615	29766824	2	2	2	2	2	1	2	2	2	2	2	1	2	2	2	2	1	4	1	1	2	2	3	2	2	2	2	2	2	2	2	2	2	2	2	1	2	2	2	2	2	2	3	1	2	2	2	2	2	2	2	2	2	2	2	2	2	2	2	2	2	2	4	2	1	2	2	2	2	2	2	1	2	2	2	2	1	1	2	2	2	2	1	2	2	2	2	2	2	2	2	2	2	2	2	2	1	2	2	2
1	33303227	33358778	2	2	2	2	2	2	2	2	4	2	2	3	2	2	2	2	3	4	3	2	2	2	3	2	2	2	2	2	2	2	2	3	2	2	2	3	2	2	2	2	2	2	3	3	2	2	2	2	2	2	2	2	2	2	2	2	2	2	2	2	2	2	4	2	3	2	2	2	2	2	2	1	2	2	2	2	3	2	2	2	2	2	2	2	2	2	2	2	2	2	2	2	3	2	2	2	3	2	2	2
1	40474109	40532444	2	2	2	1	2	2	2	2	4	2	2	2	2	2	2	2	2	2	3	2	2	2	3	2	2	2	2	2	2	2	2	2	2	2	2	2	2	2	2	2	2	2	3	2	2	2	2	2	2	2	2	2	2	2	2	2	2	2	2	2	2	2	4	2	2	2	2	2	2	2	2	1	2	2	2	2	3	2	2	2	2	2	3	2	2	2	2	2	2	2	2	2	2	2	2	2	2	2	2	2
1	4151407	4205885	2	2	2	2	2	2	2	2	2	2	2	2	2	2	2	2	2	4	2	1	2	2	1	2	2	2	2	2	2	2	2	1	2	2	2	1	2	2	2	2	2	2	3	1	2	2	2	2	2	2	2	2	2	2	2	2	2	2	2	2	2	2	4	2	2	2	2	2	2	2	2	1	2	2	2	2	1	1	2	2	2	2	1	2	2	2	2	2	2	2	2	2	2	2	2	2	1	2	2	2
1	41941416	41991605	2	2	2	3	2	2	2	2	2	2	2	2	2	2	2	2	1	2	1	2	2	2	1	2	2	2	2	2	2	2	2	2	2	2	2	2	2	2	2	2	2	2	3	2	2	2	2	2	2	2	2	2	2	2	2	2	1	2	2	2	2	2	4	2	2	2	2	2	2	2	2	1	2	2	2	2	2	2	2	2	2	2	1	1	2	2	2	2	2	2	2	2	2	2	2	2	2	2	2	2
1	47195722	47257589	2	2	2	2	2	2	2	2	4	2	2	2	2	2	2	2	3	2	2	2	2	2	3	2	2	2	2	2	2	2	2	2	2	2	2	3	2	2	2	2	2	2	3	3	2	2	2	2	2	2	2	2	2	2	2	2	3	2	2	2	2	2	4	2	2	2	2	2	2	2	2	1	2	2	2	2	2	2	2	2	2	2	2	3	2	2	2	2	2	2	2	2	2	2	2	3	2	2	2	2
1	47769537	47833397	2	2	2	2	2	2	2	2	4	2	2	2	2	2	2	2	3	2	2	2	2	2	3	2	2	2	2	2	2	2	2	2	2	2	2	3	2	2	2	2	2	2	3	3	2	2	2	2	2	2	2	2	2	2	2	2	3	2	2	2	2	2	4	2	2	2	2	2	2	2	2	1	2	2	2	2	2	2	2	2	2	2	2	3	2	2	2	2	2	2	2	2	2	2	2	2	2	2	2	2
1	48304761	48355945	2	2	2	2	2	2	2	2	2	2	2	2	2	2	2	2	2	2	2	2	2	2	2	2	2	2	2	2	2	2	2	2	2	2	2	2	2	1	2	2	2	2	3	2	2	2	2	2	2	2	2	2	2	2	2	2	3	2	2	2	2	2	4	2	2	2	2	2	2	2	2	1	2	2	2	2	2	2	2	2	2	1	2	3	2	2	2	2	2	2	2	2	2	2	2	2	2	2	2	2
1	48566983	48629588	2	2	2	2	2	2	2	2	2	2	2	2	2	2	2	2	2	2	2	2	2	2	2	2	2	2	2	2	2	2	2	2	2	2	2	2	2	1	2	2	2	2	3	2	2	2	2	2	2	2	2	2	2	2	2	2	2	2	2	2	2	2	4	2	2	2	2	2	2	2	2	1	2	2	2	2	2	2	2	2	2	1	2	2	2	2	2	2	2	2	2	2	2	2	2	2	2	2	2	2
1	49190139	49240547	1	2	2	2	2	2	2	2	2	2	2	2	1	2	2	2	2	2	2	2	2	2	2	2	2	2	2	2	2	2	2	2	2	2	2	2	2	1	2	2	2	2	3	2	2	2	2	2	2	2	2	2	2	2	2	2	2	2	2	2	2	2	4	2	2	2	2	1	2	2	2	1	2	2	2	2	2	2	2	2	2	1	2	2	2	2	2	2	2	2	2	2	2	2	2	2	2	2	2	2
1	50191568	50250261	1	2	2	2	2	2	2	2	2	2	2	2	2	2	2	2	2	2	2	2	2	2	2	2	2	2	2	2	2	2	2	2	2	2	2	2	2	2	2	2	2	2	3	2	2	2	2	2	2	2	2	2	2	2	2	2	2	2	2	2	2	2	4	2	2	2	2	2	2	2	2	1	2	2	2	2	2	2	2	2	2	2	2	2	2	2	2	2	2	2	2	2	2	2	2	2	2	2	2	2
1	53456630	53518098	2	2	2	2	2	2	2	2	4	2	2	2	2	2	2	2	3	2	2	2	2	2	3	2	2	2	2	2	2	2	2	3	2	2	2	4	2	2	2	2	2	2	3	2	2	2	2	2	2	2	2	2	2	2	2	2	3	2	2	2	2	2	4	2	3	2	2	2	2	2	2	1	2	2	2	2	2	3	2	2	2	2	2	3	2	2	2	2	2	2	2	2	2	2	2	2	3	2	2	2
1	5699277	5754661	2	2	2	2	2	2	2	2	3	2	2	2	2	2	2	2	2	4	2	1	2	2	2	2	2	2	2	2	2	2	2	1	2	2	2	1	2	2	2	2	2	2	3	1	2	2	2	2	2	2	2	2	2	2	2	2	1	2	2	2	2	2	4	2	2	2	2	2	2	2	2	1	2	2	2	2	1	1	2	2	2	2	2	2	2	2	2	2	2	2	2	2	2	2	2	2	1	2	2	2
1	57746480	57798592	1	2	2	2	2	2	2	2	2	2	2	2	2	2	2	2	2	2	2	2	2	2	2	2	2	2	2	2	2	2	2	2	2	2	2	1	2	2	1	2	2	2	3	2	2	2	2	2	2	2	2	2	2	2	2	2	2	2	2	2	2	2	2	2	2	2	2	1	2	2	2	1	2	2	2	2	2	2	2	2	1	1	1	2	2	2	2	2	2	2	2	2	2	2	2	1	2	2	2	2
1	59680935	59738151	2	2	2	2	2	2	2	2	4	2	2	2	2	2	2	2	2	2	2	2	2	2	2	2	2	2	2	2	2	2	2	2	2	2	2	2	2	2	2	2	2	2	3	2	2	2	2	2	2	2	2	2	2	2	2	2	2	2	2	2	2	2	4	2	2	2	2	2	2	2	2	1	2	2	2	2	2	2	2	2	2	2	2	2	2	2	2	2	2	2	2	2	2	2	2	2	2	2	2	2
1	61284184	61336300	2	2	2	1	2	2	2	2	4	2	2	2	2	2	2	2	2	2	2	2	2	2	2	2	2	2	2	2	2	2	2	2	2	2	2	2	2	2	2	2	2	2	3	2	2	2	2	2	2	2	2	2	2	2	2	2	2	2	2	2	2	2	4	2	2	2	2	2	2	2	2	1	2	2	2	2	2	2	2	2	2	2	2	2	2	2	2	2	2	2	2	2	2	2	2	2	2	2	2	2
1	63343207	63394643	2	2	2	2	2	2	2	2	3	2	2	2	2	2	2	2	2	2	2	2	2	2	3	2	2	2	2	2	2	2	2	2	2	2	2	2	2	2	2	2	2	2	3	2	2	2	2	2	2	2	2	2	2	2	2	2	2	2	2	2	2	2	4	2	2	2	2	2	2	2	2	1	2	2	2	2	2	2	2	2	2	2	2	2	2	2	2	2	2	2	2	2	2	2	2	2	2	2	2	2
1	68992892	69046315	2	2	2	2	2	2	2	2	3	2	2	2	2	2	2	2	2	2	2	2	2	2	2	2	2	2	2	2	2	2	2	2	2	2	2	2	2	2	2	2	2	2	3	2	2	2	2	2	2	2	2	2	2	2	2	2	2	2	2	2	2	2	4	2	2	2	2	2	2	2	2	1	2	2	2	2	2	2	2	2	2	2	2	2	2	2	2	2	2	2	2	2	2	2	2	2	2	2	2	2
1	72022730	72074067	2	2	2	2	2	2	2	2	3	2	2	2	2	2	1	2	2	2	2	2	2	2	2	2	2	2	2	2	2	2	2	2	2	2	2	2	2	2	2	2	2	2	3	2	2	2	2	2	2	2	2	2	2	2	2	2	2	2	2	2	2	2	4	2	2	2	2	2	2	2	2	1	2	2	2	2	2	2	2	2	2	2	2	2	2	2	2	2	2	2	2	2	2	2	2	1	2	2	2	2
1	74957727	75011041	2	2	2	2	2	2	2	2	2	2	2	2	2	2	2	2	2	2	2	2	2	2	2	2	2	2	2	2	2	2	2	2	2	2	2	2	2	2	2	2	2	2	3	2	2	2	2	2	2	2	2	2	2	2	2	2	2	2	2	2	2	2	4	2	2	2	2	2	2	2	2	1	2	2	2	2	2	2	2	2	2	2	2	2	2	2	2	2	2	2	2	2	2	2	2	1	2	2	2	2
1	79703333	79757033	1	2	2	2	2	2	2	2	3	2	2	2	2	2	2	2	2	2	2	2	2	2	2	2	2	2	2	2	2	2	2	2	2	2	2	2	2	2	2	2	2	2	3	2	2	2	2	2	2	2	2	2	2	2	2	2	2	2	2	2	2	2	4	2	2	3	2	2	2	2	2	1	2	2	2	2	2	2	2	2	2	1	2	2	2	2	2	2	2	2	2	2	2	2	2	1	2	2	2	2
1	83831115	83963137	2	2	2	2	2	2	2	4	3	2	2	2	2	2	5	2	2	2	2	2	2	2	2	2	2	2	2	2	4	2	2	2	2	2	2	2	2	2	2	2	2	2	3	2	2	2	2	2	2	2	2	2	2	2	2	2	2	2	2	2	2	2	4	2	2	3	4	2	2	2	2	1	2	2	2	2	2	2	2	2	2	4	2	2	2	2	2	2	2	4	2	2	2	2	2	3	2	2	2	4
1	8588872	8643095	2	2	2	2	2	2	2	2	3	2	2	3	2	2	2	2	3	4	3	2	2	2	2	2	2	2	2	2	2	2	2	3	2	2	2	2	2	2	2	2	2	2	3	3	2	2	2	2	2	2	2	2	2	2	2	2	2	2	2	2	2	2	4	2	3	2	2	2	2	2	2	1	2	2	2	2	3	3	2	2	2	2	2	2	2	2	2	2	2	2	2	2	2	2	2	2	3	2	2	2
1	87692871	87745038	2	2	2	2	2	2	2	2	4	2	2	2	2	2	2	2	2	2	2	2	2	2	2	2	2	2	2	2	2	2	2	2	2	2	2	2	2	2	2	2	2	2	3	2	2	2	2	2	2	2	2	2	2	2	2	2	2	2	2	2	2	2	4	2	2	3	2	2	2	2	2	1	2	2	2	2	2	2	2	2	2	2	2	2	3	2	2	2	2	2	2	2	2	2	2	2	2	2	2	2
1	87796770	87850703	2	2	2	2	2	2	2	2	4	2	2	2	2	2	2	2	2	2	2	2	2	2	2	2	2	2	2	2	2	2	2	2	2	2	2	2	2	2	2	2	2	2	3	2	2	2	2	2	2	2	2	2	2	2	2	2	2	2	2	2	2	2	4	2	2	3	2	2	2	2	2	1	2	2	2	2	2	2	2	2	2	2	2	2	3	2	2	2	2	2	2	2	2	2	2	2	2	2	2	2
1	94744276	94800662	2	2	2	2	2	2	2	2	4	2	2	2	2	2	2	2	2	2	3	2	2	2	3	2	2	2	2	2	2	2	2	3	2	2	2	2	2	2	2	2	2	2	3	3	2	2	2	2	2	2	2	2	2	2	2	2	3	2	2	2	2	2	4	2	3	3	2	2	2	2	2	1	2	2	2	2	3	3	2	2	2	2	2	2	3	2	2	2	2	2	2	2	2	2	2	2	3	2	2	2
1	95462758	95516846	2	2	2	2	2	2	2	2	4	2	2	2	2	2	2	2	3	2	2	2	2	2	3	2	2	2	2	2	2	2	2	3	2	2	2	2	2	2	2	2	2	2	3	2	2	2	2	2	2	2	2	2	2	2	2	2	3	2	2	2	2	2	4	2	2	3	2	2	2	2	2	1	2	2	2	2	3	3	2	2	2	2	2	2	3	2	2	2	2	2	2	2	2	2	2	2	2	2	2	2
1	97694474	97746845	3	2	2	1	2	2	2	2	3	2	2	2	2	2	3	2	2	2	2	2	2	2	4	2	2	2	2	2	2	2	2	2	2	2	2	2	2	2	2	2	2	2	3	2	2	2	2	2	2	2	2	2	2	2	2	2	2	2	2	2	2	2	4	2	2	3	2	2	2	2	2	1	2	2	2	2	2	2	2	2	2	2	2	2	3	2	2	2	2	2	2	2	2	2	2	3	2	2	2	2
1	98912105	98963144	3	2	2	2	2	2	2	2	3	2	2	2	1	2	3	2	2	2	4	2	2	2	2	2	2	2	2	2	2	2	2	2	2	2	2	2	2	2	2	2	2	2	3	2	2	2	2	2	2	2	2	2	2	2	2	2	2	2	2	2	2	2	4	2	2	3	2	2	2	2	2	1	2	2	2	2	2	2	2	2	2	2	2	2	3	2	2	2	2	2	2	2	2	2	2	3	2	2	2	2
2	249316197	249373889	1	1	2	2	3	2	2	2	1	2	1	2	1	1	1	2	1	2	2	1	1	1	1	2	1	2	2	1	2	2	2	1	1	2	1	2	2	1	2	2	2	2	1	2	2	2	2	1	5	2	2	2	2	2	2	2	1	3	2	1	1	2	1	2	2	1	2	2	2	2	2	2	3	2	1	1	1	2	1	1	1	1	1	2	1	1	1	2	2	2	1	2	1	1	2	2	1	2	2	1
2	251086127	251137622	1	1	2	2	3	2	2	2	1	2	1	2	1	1	1	2	1	2	2	1	1	1	1	2	1	2	2	1	2	2	2	1	1	2	1	2	2	1	2	2	2	2	1	2	2	2	1	1	3	2	2	2	2	2	2	2	1	3	1	1	1	2	1	2	2	1	2	1	2	2	2	2	3	2	1	1	1	2	1	1	1	1	1	2	1	1	1	2	2	2	1	2	1	1	2	2	1	2	2	1
2	260720495	260775156	2	1	2	2	3	2	2	2	1	2	1	2	2	1	1	2	1	2	2	1	1	1	2	2	1	2	2	1	2	2	2	1	1	2	1	2	2	1	2	2	2	2	1	2	2	2	2	1	3	2	2	2	2	2	2	2	2	3	2	1	1	2	2	2	2	1	2	2	2	2	2	2	3	2	1	1	1	2	1	1	2	1	2	2	2	1	1	2	2	2	1	2	1	1	2	2	1	2	2	1
2	261099694	261155448	2	1	2	2	3	2	2	2	1	2	1	2	2	1	1	2	1	2	2	1	1	1	2	2	1	2	2	1	2	2	2	1	1	2	1	2	2	1	2	2	2	2	1	2	2	2	2	1	3	2	2	2	2	2	2	2	2	3	2	1	1	2	2	2	2	1	2	2	2	2	2	2	3	2	1	1	1	2	1	1	2	1	2	2	2	1	1	2	2	2	1	2	1	1	2	2	1	2	2	1
2	274176860	274230754	2	1	2	2	3	2	2	2	1	2	1	2	3	1	1	2	1	2	2	1	1	1	3	2	1	2	2	1	2	2	2	1	1	2	1	3	2	1	2	2	2	2	1	2	2	2	2	1	2	2	2	2	2	2	2	2	4	3	3	1	1	2	3	2	2	1	2	3	2	2	2	2	3	2	1	1	1	3	1	1	2	1	2	3	3	1	1	2	3	2	1	3	1	1	2	2	1	2	2	1
2	278104467	278158281	3	3	3	3	3	3	3	3	3	3	3	4	3	3	2	2	5	3	4	3	3	3	4	3	3	3	3	3	3	3	3	4	3	3	3	4	3	3	3	3	3	3	2	2	3	3	3	3	3	3	3	3	3	3	3	3	3	3	3	3	3	3	3	3	3	3	3	3	3	3	3	2	3	3	2	3	3	4	3	3	3	3	4	3	4	3	3	3	3	3	3	3	3	3	3	3	4	3	3	2
2	279713179	279767507	3	3	3	2	3	3	3	3	2	3	3	2	3	3	2	2	5	3	3	3	3	3	2	3	3	3	3	3	3	3	3	2	3	3	3	2	3	3	3	3	3	3	2	2	3	3	3	3	3	3	3	3	3	3	3	3	2	3	3	3	3	3	3	3	3	3	3	3	3	3	3	2	3	3	2	3	2	2	3	3	3	3	2	4	3	3	3	3	3	3	3	3	3	3	3	3	3	3	3	2
2	279928653	279982335	3	3	3	2	3	3	3	3	2	3	3	2	3	3	2	2	5	3	3	3	3	3	2	3	3	3	3	3	3	3	3	3	3	3	3	2	3	3	3	3	3	3	2	2	3	3	3	3	3	3	3	3	3	3	3	3	4	3	3	3	3	3	3	5	3	3	3	3	3	3	3	2	3	3	2	3	2	2	3	3	3	3	2	4	3	3	3	3	3	3	3	3	3	3	3	3	3	3	3	2
2	286280588	286334594	3	3	3	2	3	3	3	3	3	3	3	3	3	3	2	2	5	3	3	3	3	3	4	3	3	3	3	3	3	3	3	3	3	3	3	5	3	4	3	3	3	3	2	4	3	3	3	3	3	3	3	3	3	3	3	3	4	3	3	3	3	3	3	3	3	3	3	3	3	3	3	2	3	3	2	3	3	3	3	3	3	3	4	3	4	3	3	3	3	3	3	3	3	3	3	3	3	3	3	2
2	293752346	293807675	3	3	3	3	3	3	3	3	3	3	3	3	3	3	2	2	3	3	5	3	3	3	4	3	3	3	3	3	3	3	3	4	3	3	3	4	3	3	3	3	3	3	2	3	3	3	3	3	3	3	3	3	3	3	3	3	3	3	3	3	3	3	3	3	4	3	3	3	3	3	3	2	3	3	2	3	3	4	2	3	3	3	3	3	4	3	3	3	3	3	3	3	3	3	3	3	3	3	3	2
2	295887048	295938572	3	3	3	3	3	3	3	3	3	3	3	3	3	3	2	2	3	3	3	3	3	3	3	3	3	3	3	3	3	3	3	4	3	3	3	4	3	3	3	3	3	3	2	4	3	3	3	3	3	3	3	3	3	3	3	3	3	3	3	3	3	3	3	3	4	3	3	3	3	3	3	2	3	3	2	3	3	3	2	3	3	3	3	3	4	3	3	3	3	3	3	3	3	3	3	3	4	3	3	2
2	297950954	298007999	3	3	3	3	3	3	3	3	3	3	3	3	3	3	2	2	3	3	3	3	3	3	3	3	3	3	3	3	3	3	3	3	3	3	3	3	3	3	3	3	3	3	2	3	3	3	3	3	3	3	3	3	3	3	3	3	3	3	3	3	3	3	3	3	3	3	3	3	3	3	3	2	3	3	2	3	3	3	2	3	3	3	3	3	4	3	3	3	3	3	3	3	3	3	3	3	3	3	3	2
2	300061479	300113266	3	3	3	3	3	3	3	2	3	3	2	3	3	3	1	2	3	3	3	3	3	3	3	3	3	3	3	3	3	3	3	3	3	3	3	3	3	3	3	3	3	3	2	3	3	3	2	3	3	3	3	3	3	3	3	3	3	3	3	3	3	3	2	3	3	3	3	3	3	3	3	2	3	3	2	3	3	3	2	2	2	2	3	3	2	3	3	3	3	3	3	3	3	3	3	2	3	3	3	2
2	307987238	308040223	2	3	3	2	3	3	3	4	2	3	3	3	2	3	2	2	3	3	2	2	3	3	3	3	3	3	3	3	3	3	3	3	3	3	3	3	3	2	3	3	3	3	2	3	3	3	3	3	3	3	3	3	3	3	3	3	3	3	3	3	3	3	3	3	3	3	3	2	3	3	3	2	3	3	2	2	3	4	2	3	2	2	3	3	2	3	3	3	3	3	3	3	3	3	3	3	3	3	3	2
2	315426346	315483194	2	3	3	3	3	3	3	3	2	3	3	3	3	3	2	3	3	3	2	3	3	3	3	3	3	3	3	3	3	3	3	3	3	3	3	3	3	2	3	3	3	3	2	3	3	3	3	3	3	3	3	3	3	3	3	3	2	3	3	3	3	3	3	3	3	3	3	3	3	3	3	2	3	3	2	2	3	3	2	3	2	3	2	2	2	3	3	3	3	3	3	3	3	3	3	4	3	3	3	2
2	316527964	316580318	2	3	3	3	3	3	3	3	2	3	2	3	3	3	2	3	3	3	2	3	3	3	3	3	3	3	3	3	3	3	3	3	3	3	3	3	3	2	2	3	3	3	2	3	3	3	3	3	3	3	3	3	3	3	3	3	2	3	3	3	3	3	3	3	3	3	3	3	3	3	3	2	3	3	2	2	3	3	2	3	2	1	2	2	2	3	3	3	3	3	3	3	3	3	3	2	3	3	3	2
2	319786226	319843429	3	3	3	3	3	5	3	3	3	3	3	3	4	3	2	3	3	3	4	3	3	3	4	3	3	3	3	3	3	3	3	5	3	3	3	5	3	3	3	3	3	3	2	3	3	3	3	3	3	3	3	3	3	3	3	3	4	3	3	3	3	3	3	3	5	3	3	3	3	3	3	2	3	3	2	2	4	4	2	3	4	3	4	3	4	3	3	3	3	3	3	5	3	3	3	3	5	3	3	2
2	319953586	320005273	3	3	3	3	3	3	3	3	3	3	3	3	4	3	2	3	3	3	2	3	3	3	2	3	3	3	3	3	3	3	3	3	3	3	3	3	3	3	3	3	3	3	2	3	3	3	3	3	3	3	3	3	3	3	3	3	4	3	3	3	3	3	3	3	5	3	3	3	3	3	3	2	3	3	2	2	4	3	2	3	4	3	4	3	4	3	3	3	3	3	3	3	3	3	3	3	5	3	3	2
2	322109053	322168425	5	3	3	3	3	3	3	3	3	3	3	3	3	3	2	3	3	3	3	3	3	3	3	3	3	3	3	3	3	3	3	3	3	3	3	3	3	3	3	3	3	3	2	3	3	3	3	3	3	3	3	3	3	3	3	3	3	3	3	3	3	3	3	3	3	3	3	3	3	3	3	2	3	3	2	2	2	3	2	3	4	3	4	3	4	3	3	3	3	3	3	3	3	3	3	3	3	3	3	2
2	333422619	333480119	3	3	3	3	3	3	3	3	3	3	2	3	3	3	2	3	3	3	3	3	3	3	3	3	3	3	3	3	3	3	3	4	3	3	3	3	3	3	3	3	3	3	2	3	3	3	2	3	3	3	3	3	3	3	3	3	3	3	3	3	3	3	3	3	3	3	3	3	3	3	3	2	3	3	2	2	3	3	2	3	2	3	3	3	3	3	3	3	3	3	3	3	3	3	3	3	3	3	3	2
2	337469351	337594923	7	7	7	7	3	7	7	7	7	7	7	7	7	7	7	7	7	7	2	7	7	7	7	7	7	7	7	7	7	7	7	7	7	7	7	7	7	7	7	7	7	7	6	7	7	3	7	7	7	7	7	7	7	3	7	7	7	7	7	7	7	7	7	7	3	7	7	3	7	7	7	7	7	7	7	7	7	7	7	7	7	7	7	7	7	7	7	7	7	7	3	7	7	7	7	7	7	7	7	2
2	338098087	338151849	3	3	3	3	3	3	3	3	2	3	3	2	4	3	2	3	4	4	2	3	3	3	2	3	3	4	3	3	3	3	3	4	3	4	3	3	3	3	3	3	3	3	2	3	3	3	3	3	3	3	3	3	3	3	3	3	2	3	3	3	3	3	3	3	3	3	3	3	3	3	3	3	3	3	2	2	3	2	2	3	3	3	2	2	3	3	3	3	3	3	3	3	3	3	3	3	3	3	4	2
2	344961384	345019754	3	3	3	3	3	3	3	3	2	3	3	3	2	3	2	3	3	3	2	2	3	3	2	3	3	3	3	4	3	3	2	2	4	3	3	2	4	2	3	2	3	3	3	3	3	3	3	3	3	3	4	3	3	3	3	3	2	3	3	2	3	3	2	4	2	3	4	2	3	3	3	3	2	3	2	2	4	2	3	3	3	2	2	2	3	3	3	3	3	3	3	3	3	3	3	2	2	3	3	4
2	351534494	351591414	3	3	3	3	3	3	3	3	3	3	3	3	3	3	2	3	3	3	4	3	3	3	4	3	3	3	3	3	3	3	3	3	3	3	3	4	3	4	3	3	3	3	3	3	3	3	3	3	3	3	3	3	3	3	3	3	3	3	3	3	3	3	3	3	3	3	3	3	3	3	3	3	3	3	2	2	3	3	3	3	3	3	4	4	3	3	3	3	3	3	3	3	3	3	3	3	3	3	3	2
2	352762529	352817115	2	3	3	3	3	3	3	3	3	3	3	3	2	3	2	3	3	3	3	3	3	3	3	3	3	3	3	3	3	3	3	3	3	3	3	3	3	2	2	3	3	3	3	3	3	3	3	3	3	3	3	3	3	3	3	3	3	3	3	3	3	3	3	3	3	3	3	3	3	3	3	3	3	3	2	2	3	3	3	3	2	3	2	2	3	3	3	3	3	3	3	3	3	3	3	3	3	3	3	2
2	354189487	354241762	2	3	3	3	3	3	3	3	2	3	3	3	2	3	2	3	3	3	3	3	3	3	2	3	3	3	3	3	3	3	3	3	3	3	3	3	3	2	3	3	3	3	3	3	3	3	3	3	3	3	3	3	3	3	3	3	3	3	3	3	3	3	3	3	3	3	3	3	3	3	3	3	3	3	2	2	3	3	3	3	3	2	2	2	3	3	3	3	3	3	3	3	3	3	3	3	3	3	3	2
2	354989754	355042465	3	3	3	3	3	3	3	3	3	3	3	3	3	3	2	3	3	3	3	3	3	3	2	3	3	3	3	3	3	3	3	3	3	3	3	3	3	2	3	3	3	3	3	3	3	3	3	3	3	3	3	3	3	3	3	3	3	3	3	3	3	3	3	3	3	3	3	3	3	3	3	3	3	3	2	2	3	3	3	3	3	4	4	2	3	3	3	3	3	3	3	3	3	3	3	3	3	3	3	2
2	360800515	360852688	3	3	3	3	3	3	3	3	4	3	4	3	5	3	2	3	3	3	5	3	3	3	2	3	3	3	3	3	3	3	3	4	3	3	3	5	2	4	4	3	2	3	3	3	3	3	3	3	3	3	3	2	3	2	3	3	3	3	3	3	3	3	3	3	3	3	3	3	3	3	3	3	3	3	2	2	2	3	2	3	3	4	5	3	4	2	3	2	3	3	3	3	3	3	3	3	3	3	2	2
2	361962931	362017959	3	3	3	3	3	6	3	3	4	3	4	3	5	3	2	3	3	3	5	3	3	3	5	4	3	3	3	3	3	3	3	4	3	3	3	5	3	4	4	3	3	3	3	4	3	3	3	3	3	5	3	3	3	3	3	3	3	3	3	3	3	3	3	3	5	3	3	3	3	3	3	3	3	3	2	2	4	4	3	3	3	4	5	3	4	3	3	3	3	3	3	3	3	3	3	3	3	3	3	2
2	373456962	373510069	3	3	3	3	3	3	3	2	3	3	3	3	3	3	2	3	3	3	3	2	3	3	3	3	3	3	3	3	3	3	3	3	3	3	3	2	3	2	2	3	3	3	2	3	3	3	2	3	3	3	3	3	3	3	3	3	3	3	3	3	3	3	3	3	3	3	3	2	3	3	3	3	3	3	2	2	3	3	3	2	2	3	3	3	3	3	3	3	3	3	3	3	3	3	3	3	3	3	3	2
2	374491916	374543087	3	3	3	2	3	3	3	2	3	3	2	3	3	3	1	3	3	3	3	2	4	3	3	3	3	3	3	3	3	3	3	2	3	3	3	2	3	2	2	3	3	3	2	3	3	3	2	3	3	3	3	3	3	3	3	3	3	3	3	3	3	3	3	3	3	3	3	2	3	3	3	3	3	3	2	2	3	3	3	2	2	2	3	3	3	3	3	3	3	3	3	3	3	3	3	3	3	3	3	2
2	377294083	377347833	3	3	3	3	3	3	3	3	4	3	3	3	3	3	2	3	3	3	3	2	3	3	4	3	3	3	3	3	3	3	3	4	3	3	3	2	3	4	3	3	3	3	3	3	3	3	3	3	3	3	3	3	3	3	3	3	5	3	3	3	3	3	3	3	4	3	3	3	3	3	3	3	3	3	2	2	3	4	3	3	3	3	4	3	4	3	3	3	3	3	3	3	3	3	3	3	3	3	3	2
2	391878377	391929230	3	3	3	3	3	3	3	3	2	3	3	3	2	3	2	3	3	3	3	3	3	3	3	3	3	3	3	3	3	3	3	3	3	3	3	2	3	2	3	3	3	3	3	3	3	3	2	3	3	3	3	3	3	3	3	3	3	3	3	3	3	3	3	3	3	2	3	3	3	3	3	3	3	3	2	2	3	3	3	3	3	3	3	3	3	3	3	3	3	3	3	3	3	3	3	4	3	3	3	2
2	394324028	394376948	3	3	3	3	3	3	3	3	2	3	3	3	4	3	2	3	3	3	3	4	3	3	3	3	3	3	3	3	3	3	3	3	3	3	3	2	3	3	3	3	3	3	3	3	3	3	3	3	3	3	3	3	3	3	3	3	3	3	3	3	3	3	3	3	3	2	3	2	3	3	3	3	3	3	2	2	3	3	3	3	3	3	2	3	3	3	3	3	3	3	3	3	3	3	3	5	3	3	3	2
2	397291526	397346941	2	3	3	3	3	3	3	3	2	3	2	3	2	3	2	3	3	3	3	4	3	3	3	3	3	3	3	3	3	3	3	3	3	3	3	2	3	2	2	3	3	3	2	3	3	3	3	3	3	3	3	3	3	3	3	3	3	3	1	3	3	3	2	3	3	2	3	2	3	3	3	3	3	3	2	2	3	3	3	3	3	2	2	3	2	3	3	3	3	3	3	3	3	3	3	2	3	3	3	2
2	399570040	399632566	3	3	3	3	3	3	3	3	2	3	3	3	2	3	2	3	3	3	3	4	3	3	3	3	3	3	3	3	3	3	3	3	3	3	3	2	3	2	3	3	3	3	3	3	3	3	3	3	3	3	3	3	3	3	3	3	3	3	3	3	3	3	3	3	3	2	3	4	3	3	3	3	3	3	2	2	3	3	3	3	4	4	2	3	2	3	3	3	3	3	3	3	3	3	3	2	3	3	3	2
2	400199273	400254392	3	3	3	3	3	3	3	3	3	3	3	3	4	3	2	3	3	3	3	4	3	3	3	3	3	3	3	3	3	3	3	3	3	3	3	2	3	3	3	3	3	3	3	3	3	3	3	3	3	3	3	3	3	3	3	3	3	3	3	3	3	3	3	3	3	2	3	4	3	3	3	3	3	3	2	2	3	3	3	3	4	4	6	3	4	3	3	3	3	3	3	3	3	3	3	4	3	3	3	2
2	402417527	402474206	3	3	3	3	3	3	3	3	2	3	3	3	4	3	2	3	3	3	4	4	3	3	3	3	3	3	3	3	3	3	3	3	3	3	3	2	3	3	3	3	3	3	3	3	3	3	3	3	3	3	3	3	3	3	3	3	3	3	3	3	3	3	4	3	3	2	3	3	3	3	3	3	3	3	2	2	3	3	3	3	4	4	3	3	4	3	3	3	3	3	3	3	3	3	3	4	3	3	3	2
2	402787534	402839595	3	3	3	3	3	3	3	3	2	3	3	3	2	3	2	3	3	3	4	4	3	3	3	3	3	3	3	3	3	3	3	3	3	3	3	2	3	3	3	3	3	3	3	3	3	3	3	3	3	3	3	3	3	3	3	3	3	3	3	3	3	3	4	3	3	2	3	3	3	3	3	3	3	3	2	2	3	3	3	3	4	4	3	3	4	3	3	3	3	3	3	3	3	3	3	4	3	3	3	2
2	402894059	402948232	3	3	3	3	3	3	3	3	2	3	3	3	2	3	2	3	3	3	4	4	3	3	3	3	3	3	3	3	3	3	3	3	3	3	3	2	3	3	3	3	3	3	3	3	3	3	3	3	3	3	3	3	3	3	3	3	3	3	3	3	3	3	4	3	3	2	3	3	3	3	3	3	3	3	2	2	3	3	3	3	4	2	3	3	2	3	3	3	3	3	3	3	3	3	3	4	3	3	3	2
2	404753898	404805014	3	3	3	3	3	3	3	3	2	3	3	3	4	3	2	3	3	3	4	4	3	3	3	3	3	3	3	3	3	3	3	3	3	3	3	2	3	3	3	3	3	3	2	3	3	3	2	3	3	3	3	3	3	3	3	3	3	3	2	3	3	3	2	3	3	2	3	3	3	3	3	3	3	3	2	2	3	3	3	3	2	4	3	3	3	3	3	3	3	3	3	3	3	3	3	4	3	3	3	2
2	407025179	407082660	4	3	3	3	3	3	3	4	3	3	3	3	4	3	2	3	3	3	4	4	3	3	3	3	3	3	3	3	3	3	3	3	3	3	3	2	3	3	3	3	3	3	4	3	3	3	4	3	3	3	3	3	3	3	3	3	3	3	3	3	3	3	4	3	3	2	3	3	3	3	3	3	3	3	2	2	3	3	3	3	4	4	4	3	4	3	3	3	3	3	3	3	3	3	3	4	3	3	3	2
2	407253233	407304724	4	3	3	3	3	3	3	4	3	3	3	3	4	3	2	3	3	3	4	4	3	3	3	3	3	3	3	3	3	3	3	3	3	3	3	2	3	3	3	3	3	3	4	3	3	3	4	3	3	3	3	3	3	3	3	3	3	3	3	3	3	3	4	3	3	2	3	3	3	3	3	3	3	3	2	2	3	3	3	3	4	4	4	3	4	3	3	3	3	3	3	3	3	3	3	4	3	3	3	2
2	407412351	407465593	4	3	3	3	3	3	3	4	3	3	3	3	4	3	2	3	3	3	4	4	3	3	3	3	3	3	3	3	3	3	3	3	3	3	3	2	3	3	3	3	3	3	4	3	3	3	4	3	3	3	3	3	3	3	3	3	3	3	3	3	3	3	4	3	3	2	3	3	3	3	3	3	3	3	2	2	3	3	3	3	4	4	4	3	4	3	3	3	3	3	3	3	3	3	3	4	3	3	3	2
2	407641897	407703602	4	3	3	3	3	3	3	4	3	3	3	3	4	3	2	3	3	3	4	4	3	3	3	3	3	3	3	3	3	3	3	3	3	3	3	2	3	3	3	3	3	3	4	3	3	3	4	3	3	3	3	3	3	3	3	3	3	3	3	3	3	3	4	3	3	2	3	3	3	3	3	3	3	3	2	2	3	3	3	3	4	4	4	3	4	3	3	3	3	3	3	3	3	3	3	4	3	3	3	2
2	408194665	408247057	4	3	3	3	3	3	3	4	3	3	3	3	4	3	2	3	3	3	4	4	3	3	6	3	3	3	3	3	3	3	3	3	3	3	3	2	3	3	3	3	3	3	4	3	3	3	4	3	3	3	3	3	3	3	3	3	3	3	3	3	3	3	4	3	3	2	3	3	3	3	3	3	3	3	2	2	3	3	3	3	4	4	4	3	4	3	3	3	3	3	3	3	3	3	3	4	3	3	3	2
2	409710679	409767457	4	3	3	3	3	3	3	4	3	3	3	3	4	3	2	3	3	3	4	4	3	3	5	3	3	3	3	3	3	3	3	3	3	3	3	2	3	3	3	3	3	3	4	4	3	3	4	3	3	3	3	3	3	3	3	3	3	3	3	3	3	3	4	3	3	2	3	3	3	3	3	3	3	3	2	2	3	3	3	3	4	4	4	3	4	3	3	3	3	3	3	3	3	3	3	4	3	3	3	2
2	412609637	412661488	4	3	3	3	3	3	3	4	2	3	3	3	4	3	2	3	3	3	4	4	3	3	3	3	3	3	3	3	3	3	3	3	3	3	3	2	3	3	3	3	3	3	4	3	3	3	4	3	3	3	3	3	3	3	3	3	3	3	3	3	3	3	4	3	3	2	3	3	3	3	3	3	3	3	2	2	3	3	3	3	4	4	4	3	3	3	3	3	3	3	3	3	3	3	3	4	3	3	3	2
2	414572745	414624434	4	3	3	3	3	3	3	4	2	3	3	3	5	3	2	3	3	3	4	4	3	3	3	3	3	3	3	3	3	3	3	5	3	3	3	2	3	3	3	3	3	3	4	3	3	3	4	3	3	3	3	3	3	3	3	3	3	3	3	3	3	3	4	3	3	2	3	3	3	3	3	3	3	3	2	2	3	3	3	3	4	4	5	3	5	3	3	3	3	3	3	3	3	3	3	5	3	3	3	2
2	416764750	416827869	4	3	3	3	3	3	3	2	2	3	2	3	3	3	1	3	3	3	3	4	3	3	3	3	3	3	3	3	3	3	3	3	3	3	3	2	3	3	3	3	3	3	2	3	3	3	2	3	3	3	3	3	3	3	3	3	3	3	3	3	3	3	2	3	3	2	3	3	3	3	3	3	3	3	2	2	2	3	3	3	2	2	3	3	3	3	3	3	3	3	3	3	3	3	3	3	3	3	3	2
2	417554207	417607726	4	3	3	3	3	3	3	2	2	3	2	3	3	3	2	3	3	3	3	4	3	3	3	3	3	3	3	3	3	3	3	3	3	3	3	2	3	3	3	3	3	3	2	3	3	3	2	3	3	3	3	3	3	3	3	3	3	3	3	3	3	3	3	3	3	2	3	3	3	3	3	3	3	3	2	2	2	3	3	3	2	2	3	3	3	3	3	3	3	3	3	3	3	3	3	3	3	3	3	2
2	420926989	420979966	4	3	3	3	3	3	3	3	1	3	3	3	2	3	2	3	3	3	4	4	3	3	2	3	3	3	3	3	3	3	3	3	3	3	3	2	3	3	3	3	3	3	2	3	3	3	3	3	3	3	3	3	3	3	3	3	3	3	3	3	3	3	3	3	3	2	3	3	3	3	3	3	3	3	2	2	2	3	3	3	4	4	4	3	4	3	3	3	3	3	3	3	3	3	3	4	3	3	3	2
2	423380876	423438280	3	3	3	3	3	3	3	3	2	3	3	3	4	3	2	3	3	3	4	4	3	3	4	3	3	3	3	3	3	3	3	3	3	3	3	2	3	3	3	3	3	3	2	3	3	3	3	3	3	3	3	3	3	3	3	3	3	3	3	3	3	3	3	3	3	2	3	3	3	3	3	3	3	3	2	2	2	3	3	3	4	4	4	3	4	3	3	3	3	3	3	3	3	3	3	4	3	3	3	2
2	430859745	430917031	4	3	3	3	3	3	3	3	2	3	3	3	4	3	2	3	3	3	3	2	3	3	3	3	3	3	3	3	3	3	3	3	3	3	3	2	3	3	3	3	3	3	3	3	3	3	3	3	3	3	3	3	3	3	3	3	4	3	3	3	3	3	4	3	3	2	3	3	3	3	3	3	3	3	2	2	2	3	3	3	4	4	6	3	3	3	3	3	3	3	3	3	3	3	3	3	3	3	3	2
2	432639589	432698329	4	3	3	3	3	3	3	3	3	3	3	3	4	3	2	3	3	3	3	3	3	3	3	3	3	3	3	3	3	3	3	3	3	3	3	2	3	3	3	3	3	3	2	3	3	3	3	3	3	3	3	3	3	3	3	3	4	3	3	3	3	3	4	3	3	2	3	3	3	3	3	3	3	3	2	2	2	3	3	3	4	2	3	3	3	3	3	3	3	3	3	3	3	3	3	2	3	3	3	2
2	438450625	438503036	4	3	3	3	4	3	3	4	2	3	3	3	4	3	2	3	3	3	4	3	3	3	3	3	3	3	3	3	3	3	3	3	3	3	3	2	3	3	3	3	3	3	2	4	3	3	3	3	3	3	3	3	3	3	3	3	4	3	4	3	3	3	4	3	3	2	3	3	3	3	3	3	3	3	2	2	2	3	2	3	4	4	5	3	5	3	3	3	3	3	3	3	3	3	3	4	3	3	3	2
2	439522893	439580481	4	3	3	3	4	3	3	4	3	3	3	3	4	3	2	3	3	3	4	3	3	3	5	3	3	3	3	3	3	3	3	3	3	3	3	2	3	3	3	3	3	3	2	4	3	3	3	3	3	3	3	3	3	3	3	3	5	3	4	3	3	3	4	3	3	2	3	3	3	3	3	3	3	3	2	2	2	4	2	3	4	4	5	3	5	3	3	3	3	3	3	3	3	3	3	4	3	3	3	2
2	440742225	440794149	4	3	3	3	4	3	3	4	3	3	3	3	4	3	2	3	3	3	4	3	3	3	5	3	3	3	3	3	3	3	3	3	3	3	3	2	3	3	3	3	3	3	2	5	3	3	3	3	3	3	3	3	3	3	3	3	5	3	4	3	3	3	4	3	3	2	3	3	3	3	3	3	3	3	3	2	3	4	2	3	2	4	5	3	5	3	3	3	3	3	3	3	3	3	3	4	3	3	3	2
2	441391777	441443223	3	3	3	3	2	3	3	4	2	3	3	3	3	3	2	3	3	3	4	3	3	3	3	3	3	3	3	3	3	3	3	3	3	3	3	2	3	3	4	3	3	3	2	4	3	2	3	3	3	3	3	3	3	3	3	3	5	3	3	3	3	3	4	3	3	2	3	4	3	3	3	3	4	3	2	2	3	3	2	3	4	3	4	3	4	3	3	3	3	3	3	3	3	3	3	3	3	2	3	2
2	447843881	447910341	1	3	2	2	2	3	2	2	2	2	3	2	2	3	2	2	3	2	3	3	3	3	2	2	3	2	2	3	2	2	2	3	3	3	3	1	2	3	1	2	2	2	2	2	2	2	3	3	2	2	2	2	2	2	2	2	4	2	3	3	3	2	2	2	3	2	2	2	2	2	2	3	2	2	2	2	3	2	2	3	2	3	4	3	2	3	3	2	2	2	3	2	3	3	2	2	3	2	2	2
2	450391535	450443241	2	3	2	2	2	3	2	2	2	2	3	2	3	3	2	2	3	2	3	3	3	3	2	2	3	2	2	3	2	2	2	3	3	2	3	1	2	4	2	2	2	2	2	1	2	2	2	3	2	2	2	2	2	2	2	2	3	2	2	3	3	2	2	2	3	2	2	2	2	2	2	3	2	2	2	2	3	2	2	3	2	4	3	3	3	3	3	2	2	2	3	2	3	3	2	2	3	2	2	2
2	450599623	450654576	2	3	2	2	2	3	2	2	2	2	3	2	3	3	2	2	3	2	3	3	3	3	3	2	3	2	2	3	2	2	2	5	3	2	3	1	2	4	2	2	2	2	2	1	2	2	2	3	2	2	2	2	2	2	2	2	3	2	2	3	3	2	2	2	3	2	2	2	2	2	2	3	2	2	2	2	3	2	2	3	2	4	3	3	3	3	3	2	2	2	3	2	3	3	2	2	5	2	2	2
2	456727612	456779068	2	3	2	2	2	3	2	2	2	2	3	2	2	3	2	2	3	2	2	4	3	3	2	2	3	2	2	3	2	2	2	3	3	2	3	1	2	3	2	2	2	2	2	1	2	2	2	3	2	2	2	2	2	2	2	2	2	2	2	3	3	2	2	2	2	2	2	2	2	2	2	3	2	2	2	2	2	2	2	3	2	3	2	2	2	3	3	2	2	2	3	2	3	3	2	2	3	2	2	2
2	459097128	459153027	2	3	2	2	2	3	2	2	2	2	3	2	2	3	2	2	3	2	2	4	3	3	2	2	3	2	2	3	2	2	2	4	3	2	3	1	2	3	2	2	2	2	2	2	2	2	3	3	2	2	2	2	2	2	2	2	2	2	2	3	3	2	2	2	2	2	2	2	2	2	2	3	2	2	2	2	2	2	2	3	2	3	2	2	2	3	3	2	2	2	3	2	3	3	2	2	3	2	2	2
2	460096012	460148857	2	3	2	2	2	3	2	2	2	2	3	2	2	3	2	2	3	2	2	4	3	3	2	2	3	2	2	3	2	2	2	3	3	2	3	1	2	3	2	2	2	2	2	2	2	2	2	3	2	2	2	2	2	2	2	2	2	2	2	3	3	2	2	2	2	2	2	2	2	2	2	3	2	2	2	2	2	2	2	3	2	3	2	2	2	3	3	2	2	2	3	2	3	3	2	2	3	2	2	2
2	461616972	461671008	2	3	2	2	2	3	2	1	2	2	2	2	2	3	1	2	3	2	2	4	3	3	2	2	3	2	2	3	2	2	2	3	3	2	3	1	2	3	2	2	2	2	2	2	2	2	2	3	2	2	2	2	2	2	2	2	2	2	2	3	3	2	2	2	2	2	2	2	2	2	2	3	2	2	2	2	2	2	2	2	2	3	2	1	2	3	3	2	1	2	3	2	3	3	2	2	3	2	2	2
2	461993855	462051080	2	3	2	2	2	3	2	1	2	2	2	2	2	3	1	2	3	2	2	4	3	3	2	2	3	2	2	3	2	2	2	3	3	2	3	1	2	3	2	2	2	2	2	2	2	2	2	3	2	2	2	2	2	2	2	2	2	2	2	3	3	2	2	2	2	2	2	2	2	2	2	3	2	2	2	2	2	2	2	2	2	3	2	1	2	3	3	2	1	2	3	2	3	3	2	2	3	2	2	2
2	463220881	463271700	2	3	2	2	2	3	2	2	2	2	3	2	2	3	2	2	3	2	2	4	3	3	2	2	3	2	2	3	2	2	2	3	3	2	3	1	2	3	2	2	2	2	2	2	2	2	2	3	2	2	2	2	2	2	2	2	2	2	2	3	3	2	2	2	2	2	2	1	2	2	2	3	2	2	2	2	2	2	2	3	2	3	2	2	2	3	3	2	2	2	3	2	3	3	2	2	3	2	2	2
2	463656925	463714873	2	3	2	2	2	3	2	2	2	2	3	2	2	3	2	2	3	2	2	4	3	3	2	2	3	2	2	3	2	2	2	3	3	2	3	1	2	3	2	2	2	2	2	2	2	2	2	3	2	2	2	2	2	2	2	2	2	2	2	3	3	2	2	2	2	2	2	1	2	2	2	3	2	2	2	2	2	2	2	3	1	3	2	2	2	3	3	2	2	2	3	2	3	3	2	2	3	2	2	2
2	465419040	465475321	2	3	2	2	2	5	2	2	2	2	3	2	2	3	2	2	3	2	2	3	3	3	2	2	3	2	2	3	2	2	2	3	3	2	3	1	2	3	2	2	2	2	2	3	2	2	2	3	2	2	2	2	2	2	2	2	2	2	2	3	3	2	2	2	2	2	2	2	2	2	2	3	2	2	2	2	2	3	2	3	2	3	2	2	2	3	3	2	2	2	3	2	3	3	2	2	4	1	2	2
2	473164256	473216722	2	3	2	2	2	3	2	2	3	2	3	2	3	3	2	2	3	2	2	3	3	3	2	2	3	2	2	3	2	2	2	3	3	2	3	1	2	4	2	2	2	2	2	2	2	2	2	3	2	2	2	2	2	2	2	2	2	2	2	3	3	2	2	2	2	2	2	2	2	2	2	3	2	2	2	2	2	3	2	3	2	3	3	3	3	3	3	2	2	2	3	2	3	3	2	2	3	1	2	2
2	474704212	474765800	2	3	2	2	2	3	2	2	3	2	3	2	2	3	2	2	3	2	2	3	3	3	2	2	3	2	2	3	2	2	2	3	3	2	3	1	2	4	2	2	2	2	2	2	2	2	2	3	2	2	2	2	2	2	2	2	2	2	2	3	3	2	2	2	2	2	2	2	2	2	2	3	2	2	2	2	2	2	2	3	2	3	3	2	3	3	3	2	2	2	3	2	3	3	2	2	3	1	2	2
2	477346515	477399979	2	3	2	2	2	3	2	2	3	2	3	3	3	3	2	2	3	2	3	3	3	3	2	2	3	2	2	3	2	2	2	3	3	2	3	1	2	3	2	2	2	2	2	2	2	2	2	3	2	2	2	2	2	2	2	2	2	2	2	3	3	2	2	2	3	2	2	2	2	2	2	2	2	2	2	2	2	2	2	3	2	3	3	3	2	3	3	2	2	2	3	4	3	3	2	2	3	1	2	2
2	481420486	481477010	2	3	2	2	2	3	2	2	3	2	3	2	2	3	2	2	3	2	2	3	3	3	2	2	3	2	2	3	2	2	2	4	3	2	3	1	2	3	2	2	2	2	2	3	2	2	2	3	2	2	2	2	2	2	2	2	2	2	2	3	3	2	2	2	3	2	2	2	2	2	2	2	2	2	2	2	3	2	2	3	2	3	2	2	2	3	3	2	2	2	3	2	3	3	2	2	3	1	2	2
2	483051171	483108314	2	3	2	2	2	3	2	2	3	2	3	2	2	3	2	2	3	2	2	3	3	3	2	2	3	2	2	3	2	2	2	4	3	2	3	1	2	3	2	2	2	2	2	2	2	2	2	3	2	2	2	2	2	2	2	2	2	2	2	3	3	2	2	2	2	2	2	2	2	2	2	2	2	2	2	2	2	2	2	3	2	3	2	2	2	3	3	2	2	2	3	2	3	3	2	2	4	1	2	2
2	484553275	484608842	2	3	2	2	2	3	2	2	3	2	3	3	2	3	2	2	3	2	2	3	3	3	2	2	3	2	2	3	2	2	2	2	3	2	3	1	2	3	2	2	2	2	2	2	2	2	2	3	2	2	2	2	2	2	2	2	2	2	2	3	3	2	2	2	1	2	2	2	2	2	2	2	2	2	2	2	3	2	2	3	2	3	2	2	2	3	3	2	2	2	3	2	3	3	2	2	3	1	2	2
2	491220670	491274039	2	3	2	2	2	3	2	2	3	2	3	1	2	3	2	2	4	2	2	2	3	3	1	2	3	2	2	3	2	2	2	4	3	2	3	1	2	3	2	2	2	2	2	2	2	2	2	3	2	2	2	2	2	2	2	2	2	2	2	3	3	2	2	2	2	2	2	2	2	2	2	2	2	2	2	2	2	2	2	3	2	3	2	2	2	3	3	2	2	2	3	2	3	3	2	2	4	1	2	2
2	491548530	491604312	2	3	2	2	2	3	2	2	3	2	3	2	2	3	2	2	4	2	2	2	3	3	3	2	3	2	2	3	2	2	2	4	3	2	3	1	2	3	2	2	2	2	2	2	2	2	2	3	2	2	2	2	2	2	2	2	2	2	2	3	3	2	2	2	2	2	2	2	2	2	2	2	2	2	2	2	2	2	2	3	2	3	2	2	2	3	3	2	2	2	3	2	3	3	2	2	4	1	2	2
3	494049448	494102591	6	3	7	7	7	3	7	5	3	7	3	7	7	3	7	7	2	7	7	3	3	3	7	7	3	7	7	3	7	7	7	3	3	7	3	7	7	2	5	7	7	7	4	4	7	7	7	4	7	7	7	7	7	7	3	7	7	7	7	3	3	7	6	7	7	3	7	5	7	7	7	0	7	7	7	3	3	7	3	3	5	3	7	7	6	3	2	7	7	7	4	7	3	3	7	7	3	7	7	3
3	494706198	494760210	6	3	7	7	7	3	7	5	3	7	2	7	7	3	5	7	2	7	7	3	3	3	7	7	3	7	7	3	7	7	7	3	3	7	3	7	7	2	5	7	7	7	2	4	7	7	7	4	7	7	7	7	7	7	3	7	7	7	7	3	3	7	6	7	7	3	7	5	7	7	7	0	7	7	7	3	3	7	3	3	5	3	6	7	6	3	2	7	7	7	4	7	3	3	7	7	3	7	7	3
3	506593213	506644540	5	3	5	5	5	3	5	5	3	5	3	6	6	3	4	5	2	5	4	3	3	3	4	5	3	5	5	3	5	5	5	3	3	5	3	4	5	3	5	4	5	5	3	2	5	5	5	4	5	5	5	5	5	5	3	5	4	5	5	3	3	5	6	5	5	3	5	5	3	5	5	0	5	5	5	3	2	4	3	3	5	3	5	5	6	3	2	5	5	5	4	4	3	3	5	5	3	5	5	3
3	512627243	512680223	1	3	2	2	3	3	2	2	3	2	3	2	2	3	2	2	2	2	2	3	3	3	2	2	3	2	2	3	2	2	3	3	3	2	3	2	3	3	1	2	2	3	3	3	2	2	2	4	2	2	2	2	2	2	3	3	2	3	2	3	3	2	1	2	2	3	2	2	3	2	2	0	2	2	2	3	3	2	3	3	2	4	2	3	2	3	2	3	2	2	4	2	3	3	2	2	3	2	2	3
3	517568730	517620157	3	3	2	2	3	3	2	2	2	2	3	2	2	3	2	2	2	2	2	3	3	3	2	2	3	2	2	3	2	2	3	3	3	2	3	2	3	3	2	2	2	3	3	3	2	2	2	4	2	2	2	2	2	2	3	3	2	3	2	3	3	2	2	2	2	3	2	2	3	2	2	0	2	2	2	3	3	2	3	3	2	4	2	2	2	3	5	3	2	2	4	2	3	3	2	2	3	2	2	3
3	518538947	518591426	1	3	2	2	3	3	2	2	2	2	3	2	2	3	2	2	2	2	2	3	3	3	2	2	3	2	2	3	2	2	3	3	3	2	3	2	3	2	1	2	2	3	3	3	2	2	2	4	2	2	2	2	2	2	3	3	2	3	2	3	3	2	2	2	2	3	2	2	3	2	2	0	2	2	2	3	3	2	3	3	1	4	2	2	2	3	3	3	2	2	4	2	3	3	2	2	3	2	2	3
3	520897759	520958482	2	3	2	2	3	3	2	2	3	2	3	2	2	3	2	2	2	2	2	3	3	3	2	2	3	2	2	3	2	2	3	3	3	2	3	2	3	3	2	2	2	3	3	3	2	2	2	4	2	2	2	2	2	2	3	3	2	3	2	3	3	2	2	2	2	3	2	2	3	2	2	0	2	2	2	3	3	2	3	3	3	4	3	2	2	3	3	3	2	2	4	2	3	3	2	2	3	2	2	3
3	521495202	521550240	2	3	2	2	3	3	2	2	3	2	3	2	2	3	2	2	2	2	2	3	3	3	2	2	3	2	2	3	2	2	3	3	3	2	3	2	3	3	2	2	2	3	3	3	2	2	2	4	2	2	2	2	2	2	3	3	2	3	2	3	3	2	2	2	2	3	2	2	3	2	2	0	2	2	2	3	3	2	3	3	1	2	3	2	2	3	3	3	2	2	4	2	3	3	2	2	3	2	2	3
3	533889086	533945206	2	3	2	2	3	3	2	2	2	2	3	2	2	3	2	2	2	2	2	3	3	3	2	2	3	2	2	3	2	2	3	3	2	2	3	2	3	3	2	2	2	3	3	2	2	2	2	2	2	2	2	2	2	2	3	3	2	3	2	3	3	2	2	2	2	3	2	2	3	2	2	0	2	2	2	3	3	2	3	3	2	3	2	2	2	3	3	3	2	2	4	2	3	3	2	2	3	2	2	3
3	538339802	538393344	2	3	2	2	3	4	2	2	3	2	3	2	2	3	2	2	2	2	2	3	3	3	2	2	3	2	2	3	2	2	3	4	3	2	3	2	3	3	2	2	2	3	3	3	2	2	2	4	2	2	2	2	2	2	3	3	2	3	2	3	3	2	2	2	2	3	2	2	3	2	2	0	2	2	2	3	3	2	3	3	2	3	2	2	2	3	3	3	2	2	4	2	3	3	2	2	3	2	2	3
3	542320597	542376451	2	3	2	2	3	3	2	2	3	2	3	2	2	3	2	2	2	2	2	3	3	3	2	2	3	2	2	3	2	2	3	3	3	2	3	2	3	3	2	2	2	3	3	4	2	2	2	4	2	2	2	2	2	2	3	3	2	3	2	3	3	2	2	2	3	3	2	2	3	2	2	0	2	2	2	3	4	2	3	3	2	3	2	2	2	3	3	3	2	2	4	2	3	3	2	2	4	2	2	3
3	545131676	545189459	2	3	2	2	3	3	2	2	3	2	3	2	2	3	2	2	2	2	2	3	3	3	2	2	3	2	2	3	2	2	3	3	3	2	3	2	3	3	2	2	2	3	3	4	2	2	2	4	2	2	2	2	2	2	3	3	2	3	2	3	3	2	2	2	3	3	2	2	2	2	2	0	2	2	2	3	4	2	3	3	2	3	2	2	2	3	3	3	2	2	4	2	3	3	2	2	4	2	2	3
3	546143546	546194831	2	3	2	2	3	3	2	2	3	2	3	2	2	3	2	2	2	2	2	3	3	3	2	2	3	2	2	3	2	2	3	2	3	2	3	2	3	3	2	2	2	3	3	4	2	2	2	4	1	2	2	2	2	2	3	3	2	3	2	3	3	2	2	2	2	3	2	2	2	2	2	0	2	2	2	3	2	2	3	3	2	3	2	2	2	3	3	3	2	2	4	2	3	3	2	2	2	2	2	3
3	547276079	547334183	2	3	2	2	3	3	2	2	3	2	3	2	1	3	2	2	2	2	2	3	3	3	2	2	3	2	2	3	2	2	3	2	3	2	3	2	3	2	2	2	2	3	3	2	2	2	2	4	2	2	2	2	2	2	2	3	2	3	2	3	3	2	2	2	2	3	2	2	2	2	2	0	2	2	2	3	4	2	3	3	2	3	2	2	2	3	3	3	2	2	4	2	3	3	2	2	2	2	2	3
3	550209453	550265914	2	3	2	2	3	3	2	2	4	2	3	2	2	3	2	2	2	2	2	3	3	3	2	2	3	2	2	3	2	2	3	4	3	2	3	4	3	3	2	2	2	3	3	3	2	2	2	4	2	2	2	2	2	2	2	3	2	3	2	3	3	2	2	2	3	3	2	2	2	2	2	0	2	2	2	3	4	2	3	3	2	3	2	2	2	3	3	3	2	2	4	4	3	3	2	2	4	2	2	3
3	552965449	553021155	2	3	3	3	3	3	3	3	3	3	3	2	2	4	2	3	2	3	2	2	3	3	3	3	3	3	3	3	3	2	3	4	3	3	3	3	3	3	2	2	3	3	3	3	3	3	2	4	3	3	3	3	2	3	2	3	2	3	2	4	3	3	2	2	3	3	3	2	3	3	3	1	2	2	3	3	4	2	3	4	2	3	2	2	2	3	3	3	2	3	4	2	3	3	3	2	3	3	3	3
3	556635464	556686682	2	3	3	3	3	3	3	3	5	3	3	2	2	4	3	3	2	3	2	3	3	3	3	3	3	3	3	3	3	3	3	4	3	3	3	3	3	3	3	2	3	3	3	3	3	3	2	4	3	3	3	3	2	3	3	3	2	3	2	4	3	3	2	3	3	3	3	3	3	3	3	1	2	2	3	3	4	2	3	4	2	3	2	2	3	3	3	3	2	3	4	3	3	3	3	3	3	3	3	3
3	557265988	557316890	2	3	3	3	3	3	3	3	3	3	3	2	2	4	3	3	2	3	2	2	3	3	3	3	3	3	3	3	3	3	3	4	3	3	3	3	3	3	3	2	3	3	3	3	3	3	2	4	3	3	3	3	2	3	3	3	2	3	2	4	3	3	2	3	3	3	3	3	3	3	3	1	2	2	3	3	4	2	3	4	2	3	2	2	2	3	3	3	2	3	4	3	3	3	3	2	3	3	3	3
3	570509806	570561455	3	3	3	3	3	3	3	4	4	3	6	3	2	4	4	3	3	3	2	4	4	3	3	4	3	3	3	3	3	3	3	4	5	3	4	4	3	3	3	3	3	3	5	4	5	3	2	5	3	3	5	3	3	3	3	3	3	3	3	4	3	3	3	4	3	3	4	3	4	3	4	2	2	3	3	3	4	4	3	5	3	3	3	3	4	3	3	3	1	4	4	3	4	4	3	4	4	3	3	3
3	573732703	573784356	3	3	3	2	3	3	3	3	4	3	4	3	3	4	3	3	3	3	2	4	4	3	3	3	3	3	3	3	3	3	3	4	5	3	4	4	3	3	4	3	3	3	5	3	3	3	2	5	3	3	3	3	3	3	3	3	3	3	4	4	3	3	3	3	3	3	3	3	3	3	3	1	2	3	3	3	4	3	3	4	3	5	3	3	2	3	3	3	3	3	4	3	4	4	3	3	4	3	3	3
3	576574728	576629262	3	3	3	3	3	3	3	3	4	3	4	3	3	4	3	3	3	3	2	4	4	3	3	3	3	3	3	3	3	3	3	4	5	3	4	4	3	3	3	3	3	3	3	3	3	3	3	5	3	3	3	3	3	3	3	3	3	3	2	4	3	3	3	3	3	3	3	3	3	3	3	1	2	3	3	3	4	3	3	4	3	4	3	3	3	3	3	3	3	3	4	3	4	4	3	3	4	3	3	3
3	590173542	590225329	4	3	3	3	3	3	3	3	4	3	5	3	3	4	3	3	3	3	5	4	3	3	3	3	3	3	3	3	3	3	3	4	5	3	3	3	3	2	3	3	3	3	5	5	3	3	3	3	3	3	3	3	3	3	2	3	3	3	3	4	3	3	3	3	3	4	3	3	3	3	3	1	2	3	3	3	4	3	3	3	4	3	3	5	4	3	3	3	3	3	4	3	4	3	3	4	4	3	3	3
3	592126292	592179875	4	3	3	3	3	3	3	3	3	3	5	3	3	4	3	3	3	3	2	4	3	3	3	3	3	3	3	3	3	3	3	4	5	3	3	3	3	3	3	3	3	3	5	3	3	3	3	3	3	3	3	3	3	3	2	3	3	3	3	4	3	3	3	3	3	4	3	3	3	3	3	1	2	3	3	3	4	3	3	3	4	3	3	3	3	3	3	3	3	3	4	3	4	3	3	3	4	3	3	3
3	593288770	593340793	3	3	3	2	3	3	3	3	3	3	5	3	3	4	3	3	3	3	3	4	3	3	3	3	3	3	3	3	3	3	3	4	5	3	3	3	3	3	3	3	3	3	5	3	3	3	3	3	3	3	3	3	3	3	2	3	3	3	3	4	3	3	3	3	3	4	3	3	3	3	3	1	2	3	3	3	4	3	3	3	4	3	3	3	3	3	3	3	3	3	4	3	4	3	3	3	4	3	3	3
3	593449341	593503734	3	3	3	2	3	3	3	3	3	3	5	3	3	4	3	3	3	3	3	4	3	3	3	3	3	3	3	3	3	3	3	4	5	3	3	3	3	3	3	3	3	3	5	3	3	3	3	3	3	3	3	3	3	3	2	3	3	3	3	4	3	3	3	3	3	4	3	3	3	3	3	1	2	3	3	3	4	3	3	3	4	3	3	3	3	3	3	3	3	3	4	3	4	3	3	4	4	3	3	3
3	594048833	594110469	4	3	3	2	3	3	3	3	6	3	5	3	3	4	3	3	3	3	3	4	3	3	3	3	3	3	3	3	3	3	3	4	5	3	3	3	3	3	3	3	3	3	5	3	3	3	3	3	3	3	3	3	3	3	2	3	3	3	3	4	3	3	3	3	3	4	3	3	3	3	3	1	2	3	3	3	4	3	3	3	4	3	3	3	5	3	3	3	3	3	4	3	4	3	3	4	4	3	3	3
3	594110469	594166346	4	3	3	2	3	3	3	3	6	3	5	3	3	4	3	3	3	3	3	4	3	3	3	3	3	3	3	3	3	3	3	4	5	3	3	3	3	3	3	3	3	3	5	3	3	3	3	3	3	3	3	3	3	3	2	3	3	3	3	4	3	3	3	3	3	4	3	3	3	3	3	1	2	3	3	3	4	3	3	3	4	3	3	3	5	3	3	3	3	3	4	3	4	3	3	4	4	3	3	3
3	598356456	598410357	4	3	3	3	3	3	3	3	4	3	4	3	3	4	3	3	3	3	3	4	3	3	3	3	3	3	3	3	3	3	3	4	5	3	3	3	3	3	4	3	3	3	5	3	3	3	3	3	3	3	3	3	3	3	2	3	3	3	3	4	3	3	3	3	3	4	3	3	3	3	3	1	2	3	3	3	4	3	3	3	3	4	3	3	3	3	3	3	3	3	4	3	4	3	3	4	4	3	3	3
3	600040406	600095816	4	3	3	3	3	3	3	3	6	3	4	3	3	4	3	3	3	3	3	4	3	3	3	3	3	3	3	3	3	3	3	4	5	3	3	3	3	3	4	3	3	3	5	3	3	3	3	3	3	3	3	3	3	3	2	3	3	3	3	4	3	3	3	3	3	4	3	3	3	3	3	1	2	3	3	3	4	3	3	3	3	4	3	3	4	3	3	3	3	3	4	3	4	3	3	4	4	3	3	3
3	605260272	605312429	4	3	3	3	3	3	3	3	4	3	4	3	4	4	3	3	3	3	3	4	3	3	5	3	3	3	3	3	3	3	3	6	5	3	3	5	3	3	3	3	3	3	5	3	3	3	3	3	3	3	3	3	3	3	2	3	3	3	3	4	3	3	3	3	3	4	3	3	3	3	3	1	2	3	3	3	4	3	3	3	3	4	3	3	4	3	3	3	3	3	4	3	4	3	3	4	5	3	3	2
3	606993838	607044967	4	3	3	3	3	3	3	3	4	3	4	3	3	4	3	3	3	3	3	4	3	3	3	3	3	3	3	3	3	3	3	3	3	3	3	3	3	3	3	3	3	3	5	3	3	3	5	3	3	3	3	3	3	3	2	3	3	3	3	4	3	3	3	3	3	4	3	3	3	3	3	1	2	3	3	3	4	3	3	3	5	4	3	3	4	3	3	3	3	3	4	3	4	3	3	4	3	3	3	2
3	611900614	611952273	3	3	3	3	3	2	3	3	4	3	3	3	3	4	3	3	3	3	3	3	3	3	3	3	3	3	3	3	3	3	3	3	3	3	3	4	3	3	3	3	3	3	4	3	3	3	3	3	3	3	3	3	3	3	2	3	3	3	3	4	3	3	3	3	3	4	3	3	3	3	3	1	2	3	3	3	4	3	3	3	3	3	3	3	3	3	3	3	3	3	4	3	4	3	3	4	3	3	3	2
3	612115537	612176256	3	3	3	3	3	3	3	3	4	3	3	3	3	4	3	3	3	3	3	3	3	3	3	3	3	3	3	3	3	3	3	3	3	3	3	4	3	3	3	3	3	3	4	3	3	3	3	3	3	3	3	3	3	3	2	3	3	3	3	4	3	3	3	3	3	4	3	3	3	3	3	1	2	3	3	5	4	3	3	3	3	3	3	3	3	3	3	3	3	3	4	3	4	3	3	4	3	3	3	2
3	613755310	613812053	3	3	3	3	3	3	3	3	4	3	3	3	3	4	3	3	3	3	3	3	3	3	3	3	3	3	3	3	3	3	3	3	3	3	3	4	3	3	3	3	3	3	4	3	3	3	3	3	3	3	3	3	3	3	2	3	3	3	3	4	3	3	3	3	3	4	3	3	3	3	3	1	2	3	3	3	4	3	3	3	3	3	3	3	5	3	3	3	3	3	4	3	4	3	3	3	3	3	3	2
3	614034827	614093008	5	3	3	3	3	3	3	3	4	3	3	3	3	4	3	3	3	3	3	3	3	3	3	3	3	3	3	3	3	3	3	3	3	3	3	4	3	3	3	3	3	3	4	3	3	3	3	3	3	3	3	3	3	3	2	3	3	3	3	4	3	3	3	3	3	4	3	3	3	3	3	1	2	3	3	3	4	3	3	3	3	3	3	3	5	3	3	3	3	3	4	3	4	3	3	3	3	3	3	2
3	615153974	615205334	3	3	3	3	3	2	3	3	4	3	3	3	3	4	3	3	3	3	3	3	3	3	3	3	3	3	3	3	3	3	3	3	3	3	3	2	3	3	3	3	3	3	4	3	3	3	3	3	3	3	3	3	3	3	2	3	2	3	3	4	3	3	3	3	3	4	3	3	3	3	3	1	2	3	3	3	3	3	3	3	3	3	3	3	4	3	3	3	3	3	4	3	4	3	3	3	3	3	3	2
3	617091600	617146708	3	3	3	3	3	4	3	3	5	3	3	3	3	4	3	3	3	3	4	3	3	3	4	3	3	3	3	3	3	3	3	5	3	3	3	4	3	3	3	3	3	3	4	4	3	3	3	3	3	3	3	3	3	3	2	3	4	3	3	4	3	3	3	3	3	4	3	3	3	3	3	1	2	3	3	3	6	4	3	3	3	3	3	3	4	3	3	3	3	3	4	3	4	3	3	3	5	3	3	2
3	623186208	623241828	3	3	3	3	3	3	3	3	4	3	3	3	2	3	3	3	4	3	3	3	3	3	3	3	3	3	3	3	3	3	3	3	3	3	3	3	3	2	3	3	3	3	4	3	3	3	3	3	3	3	3	3	3	3	2	3	3	3	3	3	3	3	3	3	3	4	3	3	3	3	3	1	2	3	3	3	3	3	3	3	3	3	3	3	2	3	3	3	3	3	4	3	3	3	3	3	3	3	3	2
3	624404819	624460342	3	3	3	3	3	3	3	3	4	3	3	3	3	3	3	3	4	3	3	3	3	3	6	3	3	3	3	3	3	3	3	3	3	3	3	3	3	2	3	3	3	3	4	3	3	3	3	3	3	3	3	3	3	3	2	3	3	3	3	3	3	3	3	3	3	4	3	3	3	3	3	1	2	3	3	3	3	3	3	3	3	3	4	3	2	3	3	3	3	3	4	3	3	3	3	4	3	3	3	2
3	626431411	626486991	3	3	3	3	3	3	3	3	4	3	3	3	4	3	3	3	2	3	4	3	3	3	3	3	3	3	3	3	3	3	3	3	3	3	3	3	3	2	3	3	3	3	4	3	3	3	3	3	3	3	3	3	3	3	2	3	3	3	3	3	3	3	3	3	3	4	3	3	3	3	3	1	2	3	3	3	3	2	3	3	3	3	4	4	4	3	3	3	3	3	4	3	3	3	3	3	3	3	3	2
3	629944380	629996062	3	3	3	3	3	3	3	3	4	3	3	3	2	3	3	3	4	3	3	3	3	3	2	3	3	3	3	3	3	3	3	3	3	3	3	3	3	2	3	3	3	3	4	3	3	3	3	3	3	3	3	3	3	3	2	3	3	3	3	3	3	3	3	3	3	4	3	3	3	3	3	1	2	3	3	3	3	2	3	3	3	3	4	2	3	3	3	3	3	3	4	3	3	3	3	3	3	3	3	2
3	630114710	630175132	3	3	3	3	3	3	3	3	4	3	3	3	4	3	3	3	4	3	3	3	3	3	2	3	3	3	3	3	3	3	3	2	3	3	3	3	3	3	3	3	3	3	4	3	3	3	3	3	3	3	3	3	3	3	2	3	3	3	3	3	3	3	3	3	3	4	3	3	3	3	3	1	2	3	3	3	3	2	3	3	3	3	4	4	3	3	3	3	3	3	4	3	3	3	3	3	3	3	3	2
3	631646109	631698908	3	3	3	3	3	3	3	3	2	3	3	3	4	3	3	3	4	3	2	3	3	3	3	3	3	3	3	3	3	3	3	3	3	3	3	3	3	3	3	3	3	3	4	3	3	3	3	3	3	3	3	3	3	3	2	3	3	3	3	3	3	3	3	3	3	4	3	3	3	3	3	1	2	3	3	3	5	3	3	3	3	3	4	2	3	3	3	3	3	3	4	3	3	3	3	2	3	3	3	2
3	635939542	635996416	3	3	3	3	3	3	3	3	3	3	3	3	3	3	3	3	3	3	3	3	3	3	3	3	3	3	3	3	3	3	3	3	3	3	3	3	3	2	3	3	3	3	4	3	3	3	3	3	3	3	3	3	3	3	2	3	3	3	3	3	3	3	3	3	3	4	3	3	3	3	3	1	2	3	3	3	3	3	3	3	2	2	3	3	3	3	3	3	3	3	4	3	3	3	3	2	3	3	3	3
3	643089749	643144527	3	3	3	3	3	3	3	3	3	3	3	3	3	3	3	3	3	3	3	3	3	3	3	3	3	3	3	3	3	3	3	3	3	3	3	3	3	3	4	3	3	3	4	3	3	3	3	3	3	3	3	3	3	3	2	3	3	3	3	3	3	3	3	3	3	4	3	3	3	3	3	1	2	3	3	3	2	3	3	3	3	2	3	4	2	3	3	3	3	3	4	3	3	3	3	2	2	3	3	3
3	644348152	644401508	4	3	3	3	3	3	3	3	6	3	3	3	5	3	3	3	3	3	4	3	3	3	4	3	3	3	3	3	3	3	3	3	3	3	3	3	3	4	4	3	3	3	4	5	3	3	3	3	3	3	3	3	3	3	2	3	3	3	3	3	3	3	3	3	3	4	3	3	3	3	3	1	2	3	3	3	4	3	3	3	3	3	3	3	5	3	3	3	3	3	4	3	3	3	3	4	3	3	3	3
3	646910877	646963214	2	3	3	3	3	3	3	3	4	3	3	3	3	3	3	3	3	3	3	3	3	3	3	3	3	3	3	3	3	3	3	3	3	3	3	3	3	3	3	3	3	3	4	3	3	3	3	3	3	3	3	3	3	3	2	3	3	3	3	3	3	3	3	3	3	4	3	3	3	3	3	1	2	3	3	3	3	3	3	3	3	3	3	3	3	3	3	3	3	3	4	3	3	3	3	3	3	3	3	3
3	649091369	649149737	3	3	3	3	3	3	3	3	5	3	3	5	4	3	3	3	5	3	5	3	3	3	4	3	3	3	3	3	3	3	3	3	3	3	3	3	3	3	4	3	3	3	4	3	3	3	3	3	3	3	3	3	3	3	2	3	5	3	3	3	3	3	3	3	4	4	3	3	3	3	3	1	2	3	3	3	3	3	3	3	3	3	4	3	5	3	3	3	3	3	4	3	3	3	3	3	3	3	3	3
3	653367654	653420853	3	3	3	3	3	3	3	3	5	3	3	3	4	3	3	3	3	3	5	3	3	3	3	3	3	3	3	3	3	3	3	6	3	3	3	3	3	4	4	3	3	3	4	3	3	3	3	3	3	3	3	3	3	3	2	3	5	3	3	3	3	3	3	3	3	4	3	3	3	3	3	1	2	3	3	3	3	4	3	3	3	3	4	3	4	3	3	3	3	3	4	3	3	3	3	3	3	3	3	3
3	657167812	657219825	3	3	3	3	3	3	3	3	5	3	3	3	4	3	2	3	3	3	3	3	3	3	3	3	3	3	3	3	3	3	3	3	3	3	3	3	3	3	2	3	3	3	3	3	3	3	2	3	3	3	3	3	3	3	2	3	3	3	3	3	3	3	2	3	3	4	3	3	3	3	3	1	3	3	3	3	3	3	3	3	3	3	3	3	3	3	3	3	3	3	4	3	3	3	3	3	3	3	3	3
3	661864937	661928002	3	3	3	3	3	3	3	3	5	3	3	3	4	3	3	3	3	3	3	3	3	3	3	3	3	3	3	3	3	3	3	6	3	3	3	3	3	3	3	3	3	3	5	3	3	3	3	3	3	3	3	3	3	3	2	3	3	3	3	3	3	3	3	3	3	4	3	3	3	3	3	1	3	3	3	3	3	3	3	3	3	3	2	3	4	3	3	3	3	3	4	3	3	3	3	4	3	3	3	3
3	664705013	664761813	3	3	3	3	3	3	3	3	5	3	3	3	4	3	3	3	3	3	3	3	3	3	4	3	3	3	3	3	3	3	3	3	3	3	3	6	3	3	3	3	3	3	5	5	3	3	3	3	3	3	3	3	3	3	2	3	3	3	3	3	3	3	3	3	3	4	3	3	3	3	3	1	3	3	3	3	3	3	3	3	3	3	4	3	4	3	3	3	3	3	4	3	3	3	3	4	3	3	3	3
3	667340353	667391965	5	3	3	3	3	3	3	3	5	3	3	3	4	3	4	3	3	3	3	3	3	3	3	3	3	3	3	3	3	3	3	3	3	3	3	3	3	3	3	3	3	3	4	3	3	3	3	3	3	3	3	3	3	3	2	3	3	3	3	3	3	3	3	3	3	4	3	2	3	3	3	1	3	3	3	3	3	3	3	3	3	3	3	3	5	3	3	3	3	3	4	3	3	3	3	2	3	3	3	3
3	670044172	670100464	4	3	3	3	3	3	3	3	5	3	3	3	4	3	3	3	3	3	3	3	3	3	3	3	3	3	3	3	3	3	3	3	3	3	3	3	3	3	3	3	3	3	4	3	3	3	3	3	3	3	3	3	3	3	2	3	3	3	3	3	3	3	4	3	3	4	3	3	3	3	3	1	3	3	3	3	3	3	3	3	4	3	2	3	4	3	3	3	3	3	4	3	3	3	3	3	3	3	3	3
3	670953400	671005606	4	3	3	3	3	3	3	3	5	3	3	3	2	3	3	3	3	3	3	3	3	3	3	3	3	3	3	3	3	3	3	3	3	3	3	3	3	3	3	3	3	3	4	3	3	3	3	3	3	3	3	3	3	3	2	3	3	3	3	3	3	3	4	3	3	4	3	3	3	3	3	1	3	3	3	3	3	3	3	3	4	4	3	3	3	3	3	3	3	3	4	3	3	3	3	2	3	3	3	3
3	671421167	671479491	4	3	3	3	3	3	3	3	5	3	3	3	3	3	3	3	3	3	3	3	3	3	3	3	3	3	3	3	3	3	3	3	3	3	3	3	3	3	3	3	3	3	4	3	3	3	3	3	3	3	3	3	3	3	2	3	3	3	3	3	3	3	4	3	3	4	3	3	3	3	3	1	3	3	3	3	3	3	3	3	4	4	3	3	3	3	3	3	3	3	4	3	3	3	3	2	3	3	3	3
3	671648909	671709400	4	3	3	3	3	3	3	3	5	3	3	3	3	3	3	3	3	3	3	3	3	3	3	3	3	3	3	3	3	3	3	3	3	3	3	3	3	3	3	3	3	3	4	3	3	3	3	3	3	3	3	3	3	3	2	3	3	3	3	3	3	3	2	3	3	4	3	3	3	3	3	1	3	3	3	3	3	3	3	3	4	4	3	3	3	3	3	3	3	3	4	3	3	3	3	2	3	3	3	3
3	675874232	675934611	3	3	3	3	3	3	3	3	5	3	3	3	3	3	3	3	3	3	4	3	3	3	3	3	3	3	3	3	3	3	3	5	3	3	3	3	3	3	3	3	3	3	4	5	3	3	3	3	3	3	3	3	3	3	2	3	3	3	3	3	3	3	3	3	3	4	3	3	3	3	3	1	3	3	3	3	3	3	3	3	3	4	3	3	4	3	3	3	3	3	4	3	3	3	3	3	3	3	3	3
3	681463034	681514571	3	3	3	3	3	3	3	3	5	3	3	3	3	3	3	3	3	3	5	3	3	3	3	3	3	3	3	3	3	3	3	3	3	3	3	3	3	3	3	3	3	3	4	4	3	3	3	3	3	3	3	3	3	3	2	3	3	3	3	3	3	3	3	3	3	4	3	3	3	3	3	1	3	3	3	3	3	3	3	3	3	4	3	3	4	3	3	3	3	3	4	3	3	3	3	3	3	3	3	3
3	683109722	683165732	3	3	3	3	3	3	3	3	3	3	3	3	3	3	3	3	3	3	3	3	3	3	3	3	3	3	3	3	3	3	3	3	3	3	3	3	3	3	3	3	3	3	4	3	3	3	3	3	3	3	3	3	3	3	2	3	3	3	3	3	3	3	3	3	3	4	3	3	3	3	3	1	3	3	3	3	3	3	3	3	2	2	2	3	4	3	3	3	3	3	4	3	3	3	3	3	3	3	3	3
3	684310553	684368509	2	3	3	3	3	3	3	3	3	3	3	3	3	3	2	3	3	3	2	3	3	3	3	3	3	3	3	3	3	3	3	3	3	3	3	3	3	3	2	3	3	3	4	3	3	3	3	3	3	3	3	3	3	3	2	3	2	3	1	3	3	3	2	3	3	4	3	2	3	3	3	1	3	3	3	3	3	3	3	3	2	2	2	3	2	3	3	3	3	3	4	3	3	3	3	3	3	3	3	3
3	688442878	688506375	4	3	3	3	3	3	3	3	5	3	3	3	3	3	3	3	3	3	4	3	3	3	4	3	3	3	3	3	3	3	3	4	3	3	3	3	3	3	4	3	3	3	4	4	3	3	3	3	3	3	3	3	3	3	2	3	4	3	3	3	3	3	3	3	4	4	3	3	3	3	3	1	3	3	3	3	3	3	3	3	4	3	4	3	4	3	3	3	3	3	4	3	3	3	3	3	4	3	3	3
3	689948879	690007608	4	3	3	3	3	3	3	3	5	3	3	3	3	3	3	3	3	3	4	3	3	3	4	3	3	3	3	3	3	3	4	4	3	3	3	3	3	3	4	3	3	3	4	4	3	3	3	3	3	3	3	3	3	3	2	3	4	3	3	3	3	3	3	3	4	4	3	3	3	3	3	1	3	3	3	3	5	3	3	3	4	3	4	3	4	3	3	3	3	4	4	3	3	3	3	3	4	3	3	3
